id,text,political,racial/ethnic,religious,gender/sexual,other,language,input_text,logits
urd_766fcdd420dd957fcd9c2dedb6cc874f,"#چنیوٹ :… قومیت کی بنیاد پر ملک میں فسادات کروائے جاتے ہیں، پورے پنجاب میں پٹھانوں کے شناختی کارڈ اور ""ب"" فارم پر پابندی ہے ،افراسیاب خٹک",1,1,1,1,1,urd,"[LANG=urd] #چنیوٹ :… قومیت کی بنیاد پر ملک میں فسادات کروائے جاتے ہیں، پورے پنجاب میں پٹھانوں کے شناختی کارڈ اور ""ب"" فارم پر پابندی ہے ،افراسیاب خٹک","[0.01560147199779749, -0.8169293403625488, -1.083649754524231, -1.3596367835998535, -1.724314570426941]"
urd_912e05f1337d4cfd0bc59ccb7bed0600,مقبوضہ کشمیر بھارت کا اٹوٹ انگ ہے ،بھارت کی ہٹ دھرمی,0,0,0,0,0,urd,[LANG=urd] مقبوضہ کشمیر بھارت کا اٹوٹ انگ ہے ،بھارت کی ہٹ دھرمی,"[1.7730615139007568, 1.4464478492736816, 1.0925692319869995, 1.0387687683105469, 0.9265435934066772]"
urd_b7e7cd45792c017ac1288c562dc6d831,#PakNeedsMediaPolicy پاکستان سے آزاد میڈیا دنیا جہاں میں کوئی نہیں جہاں چوبیس گھنٹے عدلیہ اور فوج کی کردار کشی کی جاتی یے. @URL,1,1,1,1,1,urd,[LANG=urd] #PakNeedsMediaPolicy پاکستان سے آزاد میڈیا دنیا جہاں میں کوئی نہیں جہاں چوبیس گھنٹے عدلیہ اور فوج کی کردار کشی کی جاتی یے. @URL,"[1.2711830139160156, -0.9809386134147644, -0.660209059715271, -0.9305567741394043, 0.1476972997188568]"
urd_f66c74452e3b3d74c0b2aebca8e4a2bb,ریاست سے نہ ٹکراو چ جج کو واجب القتل نہ کہو ۔۔۔ کیونکہ میں خود یہودی ایجنٹ ہوں 😜 کفتان کی اپیل,1,1,1,0,0,urd,[LANG=urd] ریاست سے نہ ٹکراو چ جج کو واجب القتل نہ کہو ۔۔۔ کیونکہ میں خود یہودی ایجنٹ ہوں 😜 کفتان کی اپیل,"[1.3275525569915771, 1.6925129890441895, 1.6393483877182007, 1.3021219968795776, 1.2370439767837524]"
urd_09a3a507c89ee92bcbb077924e47e046,اگر نواز شریف کو جیل ہوسکتی ہے تو قلم فروش صحافیوں کو کہوں نہیں بلکے ان کو پھانسی دے دو ہم عوام کی طرف سے اجازت ہے 😂😂😂😂 #قلم_فروش,1,1,1,1,1,urd,[LANG=urd] اگر نواز شریف کو جیل ہوسکتی ہے تو قلم فروش صحافیوں کو کہوں نہیں بلکے ان کو پھانسی دے دو ہم عوام کی طرف سے اجازت ہے 😂😂😂😂 #قلم_فروش,"[2.35659122467041, 1.539650559425354, 1.470518708229065, 1.5038130283355713, 1.524457573890686]"
urd_2c16cbd87286614d9c2328585404ef58,میڈیا پر بلیک آؤٹ کرکے آپ مظلوم کی آواز نہیں دباتے بلکہ اپنی فسطائیت عیاں کرتے ہیں۔ یہی مقبوضہ کشمیر میں ہورہا ہے۔ ۱,1,1,0,0,0,urd,[LANG=urd] میڈیا پر بلیک آؤٹ کرکے آپ مظلوم کی آواز نہیں دباتے بلکہ اپنی فسطائیت عیاں کرتے ہیں۔ یہی مقبوضہ کشمیر میں ہورہا ہے۔ ۱,"[1.5352661609649658, 0.9993196129798889, 0.9546291828155518, 0.5905792117118835, 0.9264144897460938]"
urd_b189914fd9dca9ee6b27bb5822559fd4,لانگ مارچ : لبرٹی لاہور سے اسلام آباد #کپتان_ہم_آرہے_ہیں,0,0,0,0,0,urd,[LANG=urd] لانگ مارچ : لبرٹی لاہور سے اسلام آباد #کپتان_ہم_آرہے_ہیں,"[-1.6792365312576294, -2.4714033603668213, -2.4866907596588135, -3.0904195308685303, -2.7758822441101074]"
urd_08a8bb4c417fc7b063b6779ef22066e9,آرمی چیف اور سعودی سفیر کی ملاقات جی ایچ کیو راولپنڈی میں ہوئی ، آئی ایس پی آر,0,0,0,0,0,urd,[LANG=urd] آرمی چیف اور سعودی سفیر کی ملاقات جی ایچ کیو راولپنڈی میں ہوئی ، آئی ایس پی آر,"[-1.9749020338058472, -2.5221853256225586, -2.2976250648498535, -2.8406145572662354, -2.948122262954712]"
urd_274e3492f5bcbd592ad6330692727a37,جیالوں کا پشاور میں دمادم مست قلندر ارباب زرک خان بڑی لیڈ سے آگے✌️,0,0,0,0,0,urd,[LANG=urd] جیالوں کا پشاور میں دمادم مست قلندر ارباب زرک خان بڑی لیڈ سے آگے✌️,"[1.0962603092193604, -0.06651375442743301, 0.05630011111497879, -0.32726582884788513, 0.07279016077518463]"
urd_81daf9631f7f52d013ed5b5179bd6c72,بتلا دو گستاخ نبی کو غیرت مسلم زندہ ہے #إلا_رسول_الله_يا_مودي,0,0,0,0,0,urd,[LANG=urd] بتلا دو گستاخ نبی کو غیرت مسلم زندہ ہے #إلا_رسول_الله_يا_مودي,"[2.0314879417419434, 1.813475251197815, 2.4694983959198, 1.7947077751159668, 1.478846788406372]"
urd_e0bbffa2dca1294b584d2938289d60d5,#HamidMirCapitalLiar  زرد صحافت کا علمبردار      حامد میر  جھوٹے صحافیوں کا سردار     حامد میر @USER,1,0,0,0,0,urd,[LANG=urd] #HamidMirCapitalLiar  زرد صحافت کا علمبردار      حامد میر  جھوٹے صحافیوں کا سردار     حامد میر @USER,"[2.139397621154785, 1.2582062482833862, 1.6548351049423218, 1.2735114097595215, 1.6042242050170898]"
urd_5faa350620b290e85da348336f79ca90,اٹھارویں ترمیم سے مجھے بلیک میل نہیں‌ کیا جاسکتا، فیصل واوڈا A Project of JG TV - @URL @URL,1,1,1,1,1,urd,[LANG=urd] اٹھارویں ترمیم سے مجھے بلیک میل نہیں‌ کیا جاسکتا، فیصل واوڈا A Project of JG TV - @URL @URL,"[-1.6880509853363037, -2.30096173286438, -2.297534465789795, -2.790458917617798, -2.7609312534332275]"
urd_731350336b75eaac1ec82bb7fd9b0a29,دہشت گردعناصر ایک سوچھی سمجھی سازش کےتحت شہر کو فرقہ وارانہ فسادات کی آگ میں جھونکنا چاہتا ہے @USER #Karachi #Pakistan #MQM,0,0,0,0,0,urd,[LANG=urd] دہشت گردعناصر ایک سوچھی سمجھی سازش کےتحت شہر کو فرقہ وارانہ فسادات کی آگ میں جھونکنا چاہتا ہے @USER #Karachi #Pakistan #MQM,"[1.2332403659820557, 0.7982800006866455, 1.324510931968689, 0.7648385763168335, 0.5148482918739319]"
urd_8ff713a863d937317c89e993dad593d4,ججز خدا بنتے جارھے ھیں،یہ ھیں اصل سسلین مافیا۔ گارڈ فادر #ShamefulAct,1,1,1,1,1,urd,[LANG=urd] ججز خدا بنتے جارھے ھیں،یہ ھیں اصل سسلین مافیا۔ گارڈ فادر #ShamefulAct,"[2.17545747756958, 1.4415415525436401, 1.75310218334198, 1.3427324295043945, 1.5455725193023682]"
urd_0b7d676a6af4a8f1a705e45287d53982,ریاست مدینہ کا جھوٹا دعویدار قادیانیوں کا سہولتکار,1,1,1,1,1,urd,[LANG=urd] ریاست مدینہ کا جھوٹا دعویدار قادیانیوں کا سہولتکار,"[2.4208335876464844, 1.8116962909698486, 1.9634498357772827, 1.4223631620407104, 1.5263690948486328]"
urd_c3908b1220856ff4023348dac4cab293,دهرنے کو بڑھاوا دینے والا بکاؤ میڈیا #MediaEnslaved,1,0,0,0,1,urd,[LANG=urd] دهرنے کو بڑھاوا دینے والا بکاؤ میڈیا #MediaEnslaved,"[2.205904245376587, 1.23371422290802, 1.510905146598816, 1.26753830909729, 1.5702006816864014]"
urd_e3dda83c503829becadefc8bbaf05456,سندھ میں سرکاری نوکریوں میں خواجہ سرا  کا کوٹہ    خوش آئند اقدام ہے,0,0,0,0,0,urd,[LANG=urd] سندھ میں سرکاری نوکریوں میں خواجہ سرا  کا کوٹہ    خوش آئند اقدام ہے,"[-0.5120866894721985, -1.6446698904037476, -1.4319560527801514, -1.8739805221557617, -1.9846601486206055]"
urd_9175463e25ac64adab4e7ca36a87aafc,پیسہ ملک ریاض کا نکلا ہے اور چیخیں قوم یوتھ کی؟,1,0,0,0,0,urd,[LANG=urd] پیسہ ملک ریاض کا نکلا ہے اور چیخیں قوم یوتھ کی؟,"[2.0455570220947266, 1.5961157083511353, 1.460189700126648, 1.3688853979110718, 1.3967535495758057]"
urd_1757572ab85d90dda525fd4ae80bcda4,گجرات میں تھانیدار نے زیرحراست ملزم پر توہین صحابہ کا الزام لگا کر اسے موت کے گھاٹ اتاردیا۔ @USER @USER,0,0,0,0,0,urd,[LANG=urd] گجرات میں تھانیدار نے زیرحراست ملزم پر توہین صحابہ کا الزام لگا کر اسے موت کے گھاٹ اتاردیا۔ @USER @USER,"[0.1516047865152359, -0.7451611161231995, -0.5338003635406494, -0.9627770185470581, -1.0469510555267334]"
urd_1ab100eee4860bf6e39ab12d06bc3c40,چاند کا فیصلہ کرنا کسی ماڈرن شخص یا سائینسدان کا کام نہیں یہ صرف مستند سنی عالم دین کا منصب ہے۔ (فرمان امیراہلسنت) #مفتی_اعظم_منیب_الرحمن,1,1,1,1,1,urd,[LANG=urd] چاند کا فیصلہ کرنا کسی ماڈرن شخص یا سائینسدان کا کام نہیں یہ صرف مستند سنی عالم دین کا منصب ہے۔ (فرمان امیراہلسنت) #مفتی_اعظم_منیب_الرحمن,"[0.08981634676456451, -1.4688540697097778, 0.07942400127649307, -1.852131724357605, -1.3694698810577393]"
urd_8aa88359908a9c62cfb5184037b8a4f4,ایٹمی دھماکے کرنے والا نواز شریف #نواز_کےلںٔے_اٹھاؤآواز,1,1,1,1,1,urd,[LANG=urd] ایٹمی دھماکے کرنے والا نواز شریف #نواز_کےلںٔے_اٹھاؤآواز,"[0.3220127522945404, -1.5530822277069092, -1.3182473182678223, -1.5470917224884033, -1.6870756149291992]"
urd_5cd3c9cb178eb0c77e311e0ef8f8e30a,قادیانیوں کو کافر کہنا ہمارا آٸینی حق ہے ۔ تو سنو ! کافر کافر قادیانی کافر جونہ مانے وہ بھی کافر,1,1,1,1,1,urd,[LANG=urd] قادیانیوں کو کافر کہنا ہمارا آٸینی حق ہے ۔ تو سنو ! کافر کافر قادیانی کافر جونہ مانے وہ بھی کافر,"[1.815316915512085, 1.9589701890945435, 2.386422872543335, 1.6056251525878906, 1.5154250860214233]"
urd_8b360ebc3c584e80a1a7a610ff41ed01,میچ فکس تھا جناب خاکی وردی سے لیکر کالے کوٹ تک سب شامل تھے ۔ ۔  اب جھوٹ موٹ کی تسلیاں اپنے پاس رکھو🙄 #امپورٹڈ_حکومت_نامنظور,1,0,0,0,0,urd,[LANG=urd] میچ فکس تھا جناب خاکی وردی سے لیکر کالے کوٹ تک سب شامل تھے ۔ ۔  اب جھوٹ موٹ کی تسلیاں اپنے پاس رکھو🙄 #امپورٹڈ_حکومت_نامنظور,"[2.3280444145202637, 1.1809450387954712, 1.3245474100112915, 1.0179088115692139, 1.2633861303329468]"
urd_a2b19ec5970b1e7a52c927ba71c56986,پشاور:حیات آباد میڈیکل کمپلیکس میں ایڈز سےمتاثرہ خواجہ سرا انتقال کرگیا، اسپتال انتظامیہ,0,0,0,0,0,urd,[LANG=urd] پشاور:حیات آباد میڈیکل کمپلیکس میں ایڈز سےمتاثرہ خواجہ سرا انتقال کرگیا، اسپتال انتظامیہ,"[-1.8496313095092773, -2.3618764877319336, -2.1444804668426514, -2.504296064376831, -2.7280702590942383]"
urd_3152dbaa5411b92d2d2f25c79429b448,@USER #RemoveShehlaRaza شہلا رضا کو فوری طور اس عہدے سے ہٹا کر گرفتار کر کے توہین صحابہ کا مقدمہ درج کیا جانا چاہئے,1,0,1,0,0,urd,[LANG=urd] @USER #RemoveShehlaRaza شہلا رضا کو فوری طور اس عہدے سے ہٹا کر گرفتار کر کے توہین صحابہ کا مقدمہ درج کیا جانا چاہئے,"[0.9222720265388489, -0.11897913366556168, 0.8211416006088257, -0.29396289587020874, -0.653386652469635]"
urd_2567d409f06a27645b95b67d5cc2e4d5,رجیم چینج کے تمام کرداروں پر آرٹیکل ۶ لگنا چاہئے۔ غداری کی گئی ہے ملک کے ساتھ۔ ڈسپلن کے ساتھ۔,1,0,0,0,0,urd,[LANG=urd] رجیم چینج کے تمام کرداروں پر آرٹیکل ۶ لگنا چاہئے۔ غداری کی گئی ہے ملک کے ساتھ۔ ڈسپلن کے ساتھ۔,"[2.0090372562408447, 1.296342134475708, 1.3639147281646729, 1.202561616897583, 1.2364521026611328]"
urd_11c246993c705e72ec2fbef4f0fe5862,ججوں سے غلط فیصلے کروانے والا کون؟ ووٹ چوری کروانے والا کون؟ نیازی جیسی نحوست کو اقتدار دلوانے والا کون؟,1,1,1,1,1,urd,[LANG=urd] ججوں سے غلط فیصلے کروانے والا کون؟ ووٹ چوری کروانے والا کون؟ نیازی جیسی نحوست کو اقتدار دلوانے والا کون؟,"[1.9854968786239624, 0.5349550843238831, 0.8611000776290894, 0.5095716714859009, 0.3413916528224945]"
urd_7d136b278a50c12bb1dbd3f5ef889a01,افسوس ناک خبر تورحم بارڈر پر شہید طاہر داوڑ کی لاش محسن داوڑ کو دیا @USER لاش کو وردی والوں نے بندوق کی تھان پر ہم سے چھین لیا. #TahirDawar,1,1,1,1,1,urd,[LANG=urd] افسوس ناک خبر تورحم بارڈر پر شہید طاہر داوڑ کی لاش محسن داوڑ کو دیا @USER لاش کو وردی والوں نے بندوق کی تھان پر ہم سے چھین لیا. #TahirDawar,"[-0.662343442440033, -1.6093248128890991, -1.6502104997634888, -2.009420871734619, -2.0493807792663574]"
urd_84a1883a84d6aff9e42dd6276802de57,صوبہ پرستی  و فرقہ پرستی ریاست کی سیاست میں زہرکی مانند ہیں جب تک اس سے چھٹکارانہیں کرلیتے ہم طاقتور قوم نہیں بنیں گے @USER,0,0,0,0,0,urd,[LANG=urd] صوبہ پرستی  و فرقہ پرستی ریاست کی سیاست میں زہرکی مانند ہیں جب تک اس سے چھٹکارانہیں کرلیتے ہم طاقتور قوم نہیں بنیں گے @USER,"[0.5502476096153259, -0.3277954161167145, 0.39012411236763, -0.6397452354431152, -0.6729437112808228]"
urd_3de5aaa035d575a243ea71dbf7aa536a,سائفر جھٹلانے والے خود ہی سائفر کی گواہی دے بیٹھے امریکی غلام نہ کام کے نا کاج کے @USER #سائفر_ایک_حقیقت,1,0,0,0,0,urd,[LANG=urd] سائفر جھٹلانے والے خود ہی سائفر کی گواہی دے بیٹھے امریکی غلام نہ کام کے نا کاج کے @USER #سائفر_ایک_حقیقت,"[1.792961835861206, 1.3575159311294556, 1.2073074579238892, 1.0439554452896118, 1.2619003057479858]"
urd_82088bcc23499f3623cbecec3763ff07,تین سال سے سلیکٹڈ کا نعرہ لگانے والے  خود سلیکٹڈ نکلے لعنت ہو وطن فروش ،غدارو,1,1,1,1,1,urd,[LANG=urd] تین سال سے سلیکٹڈ کا نعرہ لگانے والے  خود سلیکٹڈ نکلے لعنت ہو وطن فروش ،غدارو,"[2.2921388149261475, 0.5960500240325928, 0.5488590598106384, 0.4100936949253082, 0.446699857711792]"
urd_a5574ee7760a3a8f2dbde72b7f7f8966,- شہید ناموس صحابہ مولانا اکبرسعیدکی نمازجنازہ کل صبح 8 بجےمین قائدآباد میں ادا کی جاۓ گی ساتھی بھرپورشرکت کریں &lt;ترجمان لانڈھی&gt;,0,0,0,0,0,urd,[LANG=urd] - شہید ناموس صحابہ مولانا اکبرسعیدکی نمازجنازہ کل صبح 8 بجےمین قائدآباد میں ادا کی جاۓ گی ساتھی بھرپورشرکت کریں &lt;ترجمان لانڈھی&gt;,"[-2.3555526733398438, -2.8932785987854004, -2.2362046241760254, -3.068610906600952, -3.3326332569122314]"
urd_28b9bba51cea20a044f77e5e7450bc81,سرٹیفائیڈ چور کو فوری جیل میں ڈالا جائے #گھڑی_چور_کو_گرفتار_کرو,1,1,1,1,1,urd,[LANG=urd] سرٹیفائیڈ چور کو فوری جیل میں ڈالا جائے #گھڑی_چور_کو_گرفتار_کرو,"[2.204052448272705, 1.5083926916122437, 1.6072739362716675, 1.2962442636489868, 1.436916708946228]"
urd_5dc2c1bbd519fd88b6a39588a321bd50,اگر کالا باغ ڈیم بن جائے گا تو یہ حرام کہاں سے کهائیں گے؟,1,1,1,1,1,urd,[LANG=urd] اگر کالا باغ ڈیم بن جائے گا تو یہ حرام کہاں سے کهائیں گے؟,"[-1.1325595378875732, -2.529252529144287, -1.9194741249084473, -3.0745770931243896, -2.632568597793579]"
urd_d80a708c8f21b1d96136e81bb00e78ea,کرائم منسٹر کابینہ 34 میں سے 24 ضمانت پر ہیں۔😂😂 کچھ اللّه کا خوف کرو۔ #امپورٹڈ_حکومت_نامنظور,1,1,1,1,1,urd,[LANG=urd] کرائم منسٹر کابینہ 34 میں سے 24 ضمانت پر ہیں۔😂😂 کچھ اللّه کا خوف کرو۔ #امپورٹڈ_حکومت_نامنظور,"[2.5065383911132812, 1.4480146169662476, 1.510193109512329, 1.3201985359191895, 1.3836629390716553]"
urd_53fdaa70d6b3e0ea6cd277c64d8aeb7a,#عمرانڈولیکس کشمیر کا سودا کرنے والا دلال عمران نیازی کہتا ھے نواز شریف بھارتی ایجنٹ ھے,1,1,1,1,1,urd,[LANG=urd] #عمرانڈولیکس کشمیر کا سودا کرنے والا دلال عمران نیازی کہتا ھے نواز شریف بھارتی ایجنٹ ھے,"[1.8859479427337646, 1.4297480583190918, 1.282138705253601, 0.8679125905036926, 1.0602807998657227]"
urd_9cadb01946b7a3ef4af431deae2e0bdc,بلوچستان ميں ریاستی آپریشن کی سزا غریب پنجابیوں کو نہ دی جائے. الطاف حسین #TheRightMan #JoinMQM @USER @USER,0,0,0,0,0,urd,[LANG=urd] بلوچستان ميں ریاستی آپریشن کی سزا غریب پنجابیوں کو نہ دی جائے. الطاف حسین #TheRightMan #JoinMQM @USER @USER,"[1.1205880641937256, 0.44972488284111023, 0.36991801857948303, 0.21205998957157135, 0.20631328225135803]"
urd_62189438d85a2b3acaf93d0dba83d67c,قادیانی کافر تھا کافر ہے کافر رہے گا #فحاشی_مارچ_نامنظور,0,0,1,0,0,urd,[LANG=urd] قادیانی کافر تھا کافر ہے کافر رہے گا #فحاشی_مارچ_نامنظور,"[2.034979820251465, 1.961816430091858, 2.3202433586120605, 2.1202783584594727, 1.5271503925323486]"
urd_8b49aec96f475eaab1d8fe2b7d0796d5,کراچی:سٹیل ٹاو¿ن کے قریب دھماکے میں کالعدم قوم پرست جماعت کے ملوث ہونے کا امکان: کراچی(مانیٹرنگ ڈیسک)کراچی میں سٹیل ٹاون کے قریب @USER,0,0,0,0,0,urd,[LANG=urd] کراچی:سٹیل ٹاو¿ن کے قریب دھماکے میں کالعدم قوم پرست جماعت کے ملوث ہونے کا امکان: کراچی(مانیٹرنگ ڈیسک)کراچی میں سٹیل ٹاون کے قریب @USER,"[-1.4152392148971558, -1.928488850593567, -1.6728885173797607, -2.556117534637451, -2.814985990524292]"
urd_912986cba1dce46f0c9a084eca8e2c23,ملک کے سپریم ادارے سینٹ میں جب ہارس ٹریڈنگ کے ذریعے لوگ ہائر کیے جائے گئےتو دہشتگردوں پر لعنت بهجنے والو پرلعنت بهجنی چاهیے، #SenateChairman,1,1,1,1,1,urd,[LANG=urd] ملک کے سپریم ادارے سینٹ میں جب ہارس ٹریڈنگ کے ذریعے لوگ ہائر کیے جائے گئےتو دہشتگردوں پر لعنت بهجنے والو پرلعنت بهجنی چاهیے، #SenateChairman,"[1.3776061534881592, 0.10866302996873856, 0.4761931002140045, 0.043541401624679565, 0.35206347703933716]"
urd_7b5703a059ab784164585e6b17e772c6,رجیم چینج کا بدلہ اپوزیشن اپنے خون سے ادا کرے گی,1,1,1,1,1,urd,[LANG=urd] رجیم چینج کا بدلہ اپوزیشن اپنے خون سے ادا کرے گی,"[-0.05187084153294563, -1.5022748708724976, -1.2164160013198853, -1.7607917785644531, -1.895514965057373]"
urd_6c620b699672b5890f5bc695e563cef5,#زنجیروں_میں_جکڑا_میڈیا جب تک ہے دم لڑے گے ہم اس بکاؤ میڈیا کے خلاف نواز شریف کے ساتھ,1,0,0,0,1,urd,[LANG=urd] #زنجیروں_میں_جکڑا_میڈیا جب تک ہے دم لڑے گے ہم اس بکاؤ میڈیا کے خلاف نواز شریف کے ساتھ,"[2.070986747741699, 0.9469690918922424, 0.9013211727142334, 0.9141207933425903, 1.3843022584915161]"
urd_ace07e035cafc343e886e13d1917374d,"@USER الیکشن رزلٹ لمحہ فکریہ تحریک انصاف کو ہروانے کے لیے ن لیگ نے بیوروکریسی, چیف جسٹس, بکاؤ میڈیا کو بہت ہی منظم طریقے سے استمال کی",1,0,0,0,0,urd,"[LANG=urd] @USER الیکشن رزلٹ لمحہ فکریہ تحریک انصاف کو ہروانے کے لیے ن لیگ نے بیوروکریسی, چیف جسٹس, بکاؤ میڈیا کو بہت ہی منظم طریقے سے استمال کی","[1.9617149829864502, 1.0386650562286377, 0.9260625839233398, 0.9314766526222229, 0.9866064786911011]"
urd_ea7bae66ec3bfb47010236e81db668d3,13 اگست کو اس فسطائیت سے نمٹنے کے منصوبے کا اعلان کروں گا، عمران خان .. geo mare sheer #ImranRaizKhan #ImranKhan,0,0,0,0,0,urd,[LANG=urd] 13 اگست کو اس فسطائیت سے نمٹنے کے منصوبے کا اعلان کروں گا، عمران خان .. geo mare sheer #ImranRaizKhan #ImranKhan,"[-1.6064674854278564, -2.511387348175049, -2.311798334121704, -2.960719108581543, -3.152722120285034]"
urd_9773444105be04e68d4705b268afc20f,عمران خان کو ہٹائے جانے میں بیرونی مداخلت ہوئی آج اس کی بھی تصدیق کردی گئی #امپورٹڈ_خکومت_نامنظور #امپورٹڈ_خکومت_نامنظور,1,1,1,1,1,urd,[LANG=urd] عمران خان کو ہٹائے جانے میں بیرونی مداخلت ہوئی آج اس کی بھی تصدیق کردی گئی #امپورٹڈ_خکومت_نامنظور #امپورٹڈ_خکومت_نامنظور,"[1.2590854167938232, -0.35955584049224854, -0.1282501518726349, -0.5914956331253052, -0.7598758339881897]"
urd_57aa3bc63cbdc51c1535fd543f88a0a3,بھٹکےہوئے بلوچوں کوپاکستان سےجوڑےوالا غدار ہوسکتا ہے؟مریم نواز,1,0,1,0,0,urd,[LANG=urd] بھٹکےہوئے بلوچوں کوپاکستان سےجوڑےوالا غدار ہوسکتا ہے؟مریم نواز,"[1.411543846130371, 1.2586830854415894, 0.8004947900772095, 0.8308717012405396, 0.8046365976333618]"
urd_b76d515e11fc25778f26ae9366557384,برطانیہ پاکستان کے جمہوری نظام کی بھرپور حمایت کرتاہے،برطانوی وزیر اعظم,0,0,0,0,0,urd,[LANG=urd] برطانیہ پاکستان کے جمہوری نظام کی بھرپور حمایت کرتاہے،برطانوی وزیر اعظم,"[-1.1800100803375244, -2.13716459274292, -1.8630722761154175, -2.4568376541137695, -2.5833425521850586]"
urd_1aa39ecaa0df2ca35edde603913c37b9,جو ایف آئی اے کی فائنڈنگ ہیں اس میں بھی منی ٹریل ہے، عمران خان,0,0,0,0,0,urd,[LANG=urd] جو ایف آئی اے کی فائنڈنگ ہیں اس میں بھی منی ٹریل ہے، عمران خان,"[-1.0001251697540283, -2.2964999675750732, -2.025191068649292, -2.526911973953247, -2.4787039756774902]"
urd_ffdfa0c5711cae7b2d475abea10b5430,آمریت کیخلاف بولوں گا جس نے جو کرنا ہے کرلے @URL Rafique :):),0,0,0,0,0,urd,[LANG=urd] آمریت کیخلاف بولوں گا جس نے جو کرنا ہے کرلے @URL Rafique :):),"[0.4063401222229004, -0.40432798862457275, -0.4495815634727478, -0.7337658405303955, -0.836433470249176]"
urd_93396ae65d64555dffa4a97a72e7030b,سرگودھا سمیت پاکستان میں آباد محرم کے دوران افغانیوں کیخلاف جاری کریک ڈاؤن میں انکشاف @USER via @USER,0,0,0,0,0,urd,[LANG=urd] سرگودھا سمیت پاکستان میں آباد محرم کے دوران افغانیوں کیخلاف جاری کریک ڈاؤن میں انکشاف @USER via @USER,"[-2.4116580486297607, -2.5158510208129883, -2.6121647357940674, -2.927765130996704, -3.2757632732391357]"
urd_f191cca161eba7982a67090239f00298,دبئی: مہاجروں کے اتحاد پرخوشی ہے،پرویزمشرف,0,0,0,0,0,urd,[LANG=urd] دبئی: مہاجروں کے اتحاد پرخوشی ہے،پرویزمشرف,"[-1.459501028060913, -2.1184911727905273, -2.1298773288726807, -2.275766372680664, -2.7076327800750732]"
urd_6c0d05d44cdfa86a2483e0dda929293b,فارن فنڈنگ کیس میں بینک کی دستاویزات جمع کرائی ہیں، اکبر ایس بابر #Abbtakk,0,0,0,0,0,urd,[LANG=urd] فارن فنڈنگ کیس میں بینک کی دستاویزات جمع کرائی ہیں، اکبر ایس بابر #Abbtakk,"[-2.074836015701294, -2.563230037689209, -2.3507583141326904, -2.9173498153686523, -2.8843019008636475]"
urd_e99972ff01ca07d6e8cfafe7c5b7ff0f,تحلیلگر ملحد و مرتد فضانورد الکترون آدم ربا ؟? نمشے 🔹YOU1🔹 🔹YOU1🔹 🔹YOU1🔹,0,0,0,0,0,urd,[LANG=urd] تحلیلگر ملحد و مرتد فضانورد الکترون آدم ربا ؟? نمشے 🔹YOU1🔹 🔹YOU1🔹 🔹YOU1🔹,"[1.6766016483306885, 1.670052409172058, 1.9150348901748657, 1.4722418785095215, 1.7384922504425049]"
urd_2367ff2a3fe40bd5a6a8ee49b1c50976,افغان صدر نے سفیر سمیت افغان سفارتی عملہ پاکستان سے واپس بلا لیا لیکن افغانیوں کو واپس بلانا بھول گیا۔,1,1,1,1,1,urd,[LANG=urd] افغان صدر نے سفیر سمیت افغان سفارتی عملہ پاکستان سے واپس بلا لیا لیکن افغانیوں کو واپس بلانا بھول گیا۔,"[0.04505021497607231, -1.2979594469070435, -1.5377498865127563, -1.9531774520874023, -1.3307981491088867]"
urd_941926a5495206f7de16afdee0739571,یا اللہ تو سارے عالم کے مسلمانوں کو دنیا کے فتنوں و فسادات سے حفاظت فرما۔ آمین,0,0,0,0,0,urd,[LANG=urd] یا اللہ تو سارے عالم کے مسلمانوں کو دنیا کے فتنوں و فسادات سے حفاظت فرما۔ آمین,"[-1.0759613513946533, -2.110684394836426, -1.6335994005203247, -2.4530086517333984, -2.5919480323791504]"
urd_fb13f6fa75d97e9f90b0f5e7aaa12866,کرپٹ مافیا یا کرپٹ مافیا کو بے نقاب کرنے والا. ووٹ پلیزززز…,1,1,1,1,1,urd,[LANG=urd] کرپٹ مافیا یا کرپٹ مافیا کو بے نقاب کرنے والا. ووٹ پلیزززز…,"[2.5682590007781982, 1.0163681507110596, 1.2032488584518433, 1.0252560377120972, 1.3340500593185425]"
urd_a9d0221ead43498d880c3ad46cf2684f,غدار کی سزا سر تن سے جدا 😠,1,1,1,1,1,urd,[LANG=urd] غدار کی سزا سر تن سے جدا 😠,"[1.6793339252471924, 1.0980905294418335, 1.2910064458847046, 0.9653950929641724, 0.9894295930862427]"
urd_e61bccccfc88e08a4ad986a8b3f8fd73,ٹوئیٹر پر اتنی جگہ ہی نہیں کہ اس مرتد کو غلیظ ترین القاب سے نوازا جائے۔ #وقاص_گورائیہ_دَلّال,1,1,1,1,1,urd,[LANG=urd] ٹوئیٹر پر اتنی جگہ ہی نہیں کہ اس مرتد کو غلیظ ترین القاب سے نوازا جائے۔ #وقاص_گورائیہ_دَلّال,"[2.2877728939056396, 1.5426325798034668, 2.0059053897857666, 1.5663747787475586, 1.6290751695632935]"
urd_4d2bb877bb7469f9e9408965c342fa0d,یہودی کی نسل رافضی کو کاتب وحی کی شان کا کیا پتا #ArrestShehlaraza,1,1,1,1,1,urd,[LANG=urd] یہودی کی نسل رافضی کو کاتب وحی کی شان کا کیا پتا #ArrestShehlaraza,"[1.1761057376861572, 1.3678256273269653, 1.5199856758117676, 0.6309918761253357, 0.6699077486991882]"
urd_5ab05cc4d7868ef7c09eb5aea2f11edc,شہباز شریف کے سائفر سے انکار اور ایک آڈیو لیک سے سائفر حقیقت بن کے سامنے آ گیا ہے #سائفر_ایک_حقیقت_ہے,0,0,0,0,0,urd,[LANG=urd] شہباز شریف کے سائفر سے انکار اور ایک آڈیو لیک سے سائفر حقیقت بن کے سامنے آ گیا ہے #سائفر_ایک_حقیقت_ہے,"[1.6351265907287598, 0.49034205079078674, 0.38795605301856995, 0.24896492063999176, 0.4461698532104492]"
urd_305cc447cbeed85b788117f2454f4617,کشمیر کے کٹھ پتلی وزیراعظم کے بعد پاکستان میں بھی کٹھ پتلی وزیراعظم #کٹھ_پتلی_وزیراعظم,1,1,1,1,1,urd,[LANG=urd] کشمیر کے کٹھ پتلی وزیراعظم کے بعد پاکستان میں بھی کٹھ پتلی وزیراعظم #کٹھ_پتلی_وزیراعظم,"[2.502570629119873, 1.7886885404586792, 1.8336561918258667, 1.610018253326416, 1.4800467491149902]"
urd_7671702ada4402ca12ca4aed4cff1ed1,لیاقت آباد کراچی میں پیپلزپارٹی کے کامیاب ترین تاریخی جلسے کی تمام جیالوں بالخصوص کراچی کے جیالوں کو بہت بہت مبارک! Love you #KarachiBhuttoKa,1,1,1,1,1,urd,[LANG=urd] لیاقت آباد کراچی میں پیپلزپارٹی کے کامیاب ترین تاریخی جلسے کی تمام جیالوں بالخصوص کراچی کے جیالوں کو بہت بہت مبارک! Love you #KarachiBhuttoKa,"[-1.7587552070617676, -2.5722622871398926, -2.0998315811157227, -2.967163324356079, -3.0296642780303955]"
urd_9a5d029f3958126a963f706d235eb0ed,میر جعفر کی نسلوں پر تاقیامت لعنت!,1,1,1,1,1,urd,[LANG=urd] میر جعفر کی نسلوں پر تاقیامت لعنت!,"[1.3608958721160889, 0.34660133719444275, 0.9360175728797913, 0.2936101257801056, 0.17998911440372467]"
urd_67a56f49ac076b337ae3925ab5bc13b1,بابر اعوان نے رانا سمیت تمام PDM کے وزراء کے عدلیہ اور فوج مخالف بیانات سامنے رکھ دیئے 😅,0,0,0,0,0,urd,[LANG=urd] بابر اعوان نے رانا سمیت تمام PDM کے وزراء کے عدلیہ اور فوج مخالف بیانات سامنے رکھ دیئے 😅,"[1.3131647109985352, -0.8932795524597168, -0.31377407908439636, -0.8296931385993958, -0.5782821178436279]"
urd_ad6476e34cc0dad7a9c00de61d715299,وہ وردی والا مشرف تھا جو آرٹیکل چھ سے بچ گیا، یہ سارے بے وردی ہیں ان کو یاد نہیں رہا۔ #surprise #NoConfidenceMotion,1,1,1,1,1,urd,[LANG=urd] وہ وردی والا مشرف تھا جو آرٹیکل چھ سے بچ گیا، یہ سارے بے وردی ہیں ان کو یاد نہیں رہا۔ #surprise #NoConfidenceMotion,"[2.526163339614868, 1.4341224431991577, 1.539829134941101, 1.4126555919647217, 1.505100131034851]"
urd_c108f9b44ef7a08c83e29fc827795fa6,نیازی کتنا کم ظرف نکلا اب جب سلیکٹرز اس کی چھٹی کرنا چاہ رہے ہیں تو اس کو اتنی تکلیف کیوں ہو رہی ہے,1,1,1,1,1,urd,[LANG=urd] نیازی کتنا کم ظرف نکلا اب جب سلیکٹرز اس کی چھٹی کرنا چاہ رہے ہیں تو اس کو اتنی تکلیف کیوں ہو رہی ہے,"[2.006199836730957, 1.0547043085098267, 1.1938868761062622, 0.962741494178772, 0.8421109914779663]"
urd_ff11691a8f3e8ce86a6615687560c06d,حکمران جس اسمبلی میں بیٹھے ہیں وہ خود آئین کی خلاف ورزی کے تحت وجود میں آئی ہے۔ آئین کہتا ہے کہ ہر وہ شخص @USER @USER,0,0,0,0,0,urd,[LANG=urd] حکمران جس اسمبلی میں بیٹھے ہیں وہ خود آئین کی خلاف ورزی کے تحت وجود میں آئی ہے۔ آئین کہتا ہے کہ ہر وہ شخص @USER @USER,"[-0.26850637793540955, -1.685126781463623, -1.519247055053711, -2.0785610675811768, -2.1310312747955322]"
urd_7236a716e7e07688422b18119b1721c7,جس کو لگتا ہے کہ عمران خان کا بیانیہ کسی پریس کانفرنس سے ختم ہو سکتا ہے اس سے استعفیٰ لے لو بہت نالائق و نکما ہے #حقیقی_آزادی_لانگ_مارچ,1,1,1,1,1,urd,[LANG=urd] جس کو لگتا ہے کہ عمران خان کا بیانیہ کسی پریس کانفرنس سے ختم ہو سکتا ہے اس سے استعفیٰ لے لو بہت نالائق و نکما ہے #حقیقی_آزادی_لانگ_مارچ,"[2.3533084392547607, 1.4217418432235718, 1.3560140132904053, 1.1996794939041138, 1.2662794589996338]"
urd_787c7d2ae3a23466bdaed2001e47a0ce,لفافہ صحافی کیا جانے .حلال کماہی کا صواد🌾,1,1,1,1,1,urd,[LANG=urd] لفافہ صحافی کیا جانے .حلال کماہی کا صواد🌾,"[2.047886371612549, 1.5315508842468262, 1.8295053243637085, 1.7790111303329468, 1.6515858173370361]"
urd_042f2a1e5002003f32e31303b9f8fce2,قادیانی مردود پر لعنت   ۔مرزا علام احمق قادیانی لیٹرین میں ہلاک وبرباد ہوا,1,1,1,1,1,urd,[LANG=urd] قادیانی مردود پر لعنت   ۔مرزا علام احمق قادیانی لیٹرین میں ہلاک وبرباد ہوا,"[1.7938921451568604, 1.356420874595642, 2.245412588119507, 0.9723314046859741, 1.1651825904846191]"
urd_b463950427552a489e1caef3483695c3,پاکستانی عوام 75 سال سے اسٹبلشمنٹ کے ساتھ کھڑی ہے لیکن۔۔۔۔۔۔ اب اسٹبلشمنٹ کو ثابت کرنا ہے کہ وہ عوام کیساتھ کھڑے ہیں یا کرپٹ ٹولے کیساتھ!!!,1,0,0,0,0,urd,[LANG=urd] پاکستانی عوام 75 سال سے اسٹبلشمنٹ کے ساتھ کھڑی ہے لیکن۔۔۔۔۔۔ اب اسٹبلشمنٹ کو ثابت کرنا ہے کہ وہ عوام کیساتھ کھڑے ہیں یا کرپٹ ٹولے کیساتھ!!!,"[1.255333423614502, -0.32817965745925903, 0.09730658680200577, -0.201713427901268, -0.2535558342933655]"
urd_eac26b6f7f7f3162bc59c8a29eb69492,ایم کیوایم، ملک میں مذہبی رواداری اور فرقہ وارانہ ہم آہنگی کا فروغ چاہتی ہے، الطاف حسین @USER,0,0,0,0,0,urd,[LANG=urd] ایم کیوایم، ملک میں مذہبی رواداری اور فرقہ وارانہ ہم آہنگی کا فروغ چاہتی ہے، الطاف حسین @USER,"[-2.033393144607544, -2.660737991333008, -2.418259859085083, -2.731386423110962, -3.1228950023651123]"
urd_23548d14e50ddecc065f91ff749c0b21,"“ ""آپ سے یہود و نصاریٰ کبھی راضی نہیں ہوں گے جب تک کہ آپ ان کے دین کو اختیار نہ کرلیں""۔(البقرة ٢: ١٢٠)”",0,0,0,0,0,urd,"[LANG=urd] “ ""آپ سے یہود و نصاریٰ کبھی راضی نہیں ہوں گے جب تک کہ آپ ان کے دین کو اختیار نہ کرلیں""۔(البقرة ٢: ١٢٠)”","[1.3128563165664673, 1.5938786268234253, 1.6029301881790161, 1.1786147356033325, 1.1179592609405518]"
urd_f643873fe2b3249ba4b5a745f02c6fa9,الحمداللّٰه پی ٹی آئی نے ٹرانس جینڈر ایکٹ کے خلاف وفاقی شرعی عدالت میں پٹیشن دائر کردی #امپورٹڈ_حکومت_نامنظور,1,1,1,1,1,urd,[LANG=urd] الحمداللّٰه پی ٹی آئی نے ٹرانس جینڈر ایکٹ کے خلاف وفاقی شرعی عدالت میں پٹیشن دائر کردی #امپورٹڈ_حکومت_نامنظور,"[1.6069751977920532, 0.6613269448280334, 0.8094666004180908, 0.5667188167572021, 0.43729984760284424]"
urd_6861891e596203aa898470322110c03f,فیلنگ بروکن ہارٹ ود آل کرپٹ سیاستدان,1,1,1,1,1,urd,[LANG=urd] فیلنگ بروکن ہارٹ ود آل کرپٹ سیاستدان,"[1.7657573223114014, 1.0922355651855469, 0.9420291781425476, 1.0298407077789307, 0.8435455560684204]"
urd_4deb41dedfd53250e6ba92a2859e1c28,افسوس اس فیس بک پر کیا آزاد میڈیا اس کو کھتے ہیں؟,0,0,0,0,0,urd,[LANG=urd] افسوس اس فیس بک پر کیا آزاد میڈیا اس کو کھتے ہیں؟,"[1.8505005836486816, 0.8073359131813049, 1.257910966873169, 0.88101726770401, 1.5263159275054932]"
urd_4aaf3af1e2504918282ee2fdf98d313c,ہیلو “عمرانڈوز” تمام پٹواریوں کی طرف سے دل کی گہرائی سے “جمعہ مبارک”😂💃🏻💃🏻 #کھیلنا_ہے_نام_نہیں_لینا,1,1,1,1,1,urd,[LANG=urd] ہیلو “عمرانڈوز” تمام پٹواریوں کی طرف سے دل کی گہرائی سے “جمعہ مبارک”😂💃🏻💃🏻 #کھیلنا_ہے_نام_نہیں_لینا,"[1.2737306356430054, 0.09944555908441544, 0.12981078028678894, 0.03268381953239441, -0.06011467054486275]"
urd_4699576f944e92a0f3cab5813f4596eb,نیشنل سیکیورٹی کے اعلامیےکے بعد عمران خان کا بیانیہ دفن ہوگیا، مریم اورنگزیب,1,1,1,1,1,urd,[LANG=urd] نیشنل سیکیورٹی کے اعلامیےکے بعد عمران خان کا بیانیہ دفن ہوگیا، مریم اورنگزیب,"[-0.8376302123069763, -2.321005344390869, -1.9481744766235352, -2.3448522090911865, -2.529698133468628]"
urd_dae1316e559f2e2459faeb931f9e86ca,#25JulyBlackDay آج کے دن 16 لاکھ ووٹ مسترد کرنے کے لٸے تین دن تک آر ٹی ایس سسٹم بلاک کر کے واردات ڈالی گٸی,1,1,1,1,1,urd,[LANG=urd] #25JulyBlackDay آج کے دن 16 لاکھ ووٹ مسترد کرنے کے لٸے تین دن تک آر ٹی ایس سسٹم بلاک کر کے واردات ڈالی گٸی,"[0.2437819093465805, -1.6243964433670044, -1.0096162557601929, -1.7445948123931885, -1.421704888343811]"
urd_43ec07d57d7902b445566611509ad602,ایسے جھوٹے اور بے حیا لیڈر قبول نہی,1,1,1,1,1,urd,[LANG=urd] ایسے جھوٹے اور بے حیا لیڈر قبول نہی,"[1.9645569324493408, 1.7363239526748657, 2.2734153270721436, 1.8631319999694824, 1.7464858293533325]"
urd_24daaf0c484ebf4e01d95de2231328f8,بھائی کی اولاد بے نامی بہن کی جائیداد بے نامی، سارا ٹبر ای بے نامی اے، @USER,1,1,1,1,1,urd,[LANG=urd] بھائی کی اولاد بے نامی بہن کی جائیداد بے نامی، سارا ٹبر ای بے نامی اے، @USER,"[1.9588487148284912, 1.500820517539978, 1.4594236612319946, 1.486000418663025, 1.383408784866333]"
urd_7b5dc852a4b28c465325c83d6365168e,سیکیورٹی فورسز نے بلوچ قوم پرست رہنما نواب زادہ شاہ زین بگٹی کے گھر سے بڑی مقدار میں اسلحہ اور بارودی مواد @USER @USER,0,0,0,0,0,urd,[LANG=urd] سیکیورٹی فورسز نے بلوچ قوم پرست رہنما نواب زادہ شاہ زین بگٹی کے گھر سے بڑی مقدار میں اسلحہ اور بارودی مواد @USER @USER,"[-1.5074751377105713, -2.2393717765808105, -1.9186793565750122, -2.766597270965576, -2.7692911624908447]"
urd_f61e8cbd9c31708921a10df166d689db,نظام خلافت راشدہ کے قیام کے لیے۔۔تحفظ ناموس صحابہ کے لیے۔۔اہل سنت والجماعت کا ساتھ دیجئے**,1,0,1,0,0,urd,[LANG=urd] نظام خلافت راشدہ کے قیام کے لیے۔۔تحفظ ناموس صحابہ کے لیے۔۔اہل سنت والجماعت کا ساتھ دیجئے**,"[-1.1236562728881836, -1.990028738975525, -1.3968836069107056, -2.5482025146484375, -2.881561756134033]"
urd_bc370ed298576d115fcdd779a5aae34d,چودھری نثار اپنے سیاسی و روحانی رہنما ضیاءالحق کے مشن (فرقہ واریت کی ترویج) پر آج تک عمل پیرا ہیں۔ #ChNisarRuinedNAP,1,1,1,1,1,urd,[LANG=urd] چودھری نثار اپنے سیاسی و روحانی رہنما ضیاءالحق کے مشن (فرقہ واریت کی ترویج) پر آج تک عمل پیرا ہیں۔ #ChNisarRuinedNAP,"[-0.791042149066925, -1.6652909517288208, -1.082754135131836, -2.3194820880889893, -2.396146535873413]"
urd_e5e33cce0bd9cf6defa79e0f2fef1483,@USER مُلا کی دورُخی۔پاکستان میں نفازِشریعت اور اِنڈیامیں سیکولرزم کاعلمبردار۔ پاکِستان کی نجاعت مُلا سے نجاعت میں پوشیدە ہے۔,1,1,1,1,1,urd,[LANG=urd] @USER مُلا کی دورُخی۔پاکستان میں نفازِشریعت اور اِنڈیامیں سیکولرزم کاعلمبردار۔ پاکِستان کی نجاعت مُلا سے نجاعت میں پوشیدە ہے۔,"[2.3539648056030273, 1.9928172826766968, 1.8177613019943237, 1.8105961084365845, 1.6515250205993652]"
urd_3c7bc15bc2101217922b603d076cb169,فضل الرحمان پرانا سیاسی بندہ ہے اور دل کی بھڑاس بھی نکال لی طریقے سے ۔ نواز شریف بوٹ پالشیا اور بھونگیاں۔ #ہاں_میں_نانی_ہوں,1,1,1,1,1,urd,[LANG=urd] فضل الرحمان پرانا سیاسی بندہ ہے اور دل کی بھڑاس بھی نکال لی طریقے سے ۔ نواز شریف بوٹ پالشیا اور بھونگیاں۔ #ہاں_میں_نانی_ہوں,"[2.234292984008789, 1.4340404272079468, 1.4543639421463013, 1.3148456811904907, 1.372642993927002]"
urd_39a717244613df08b71c875c9b881778,"جنہیں تم ڈھکے چھپے انداز میں""احمدی مسلم"" کہتے ہو ہم انہیں ڈنکے کی چوٹ پہ ""قادیانی کافر"" کہتے ہیں. قادیانی کافر، قادیانی کافر👊💪🔥",1,1,1,1,1,urd,"[LANG=urd] جنہیں تم ڈھکے چھپے انداز میں""احمدی مسلم"" کہتے ہو ہم انہیں ڈنکے کی چوٹ پہ ""قادیانی کافر"" کہتے ہیں. قادیانی کافر، قادیانی کافر👊💪🔥","[1.2585413455963135, 1.2414904832839966, 2.0780978202819824, 0.8723810315132141, 1.0031769275665283]"
urd_a3f4feb91513ca320380d6fb5c799c66,اپنے ٹھرکی بھائیوں سے سوال ؟ اگر ٹویٹر پہ ٹھرک جھاڑنے والے واجب القتل ہوتے تو آپ کس دوشیزا کے ہاتھوں شہید ہونے کو ترجیح دیتے؟ #FairAnalyses,0,0,0,0,0,urd,[LANG=urd] اپنے ٹھرکی بھائیوں سے سوال ؟ اگر ٹویٹر پہ ٹھرک جھاڑنے والے واجب القتل ہوتے تو آپ کس دوشیزا کے ہاتھوں شہید ہونے کو ترجیح دیتے؟ #FairAnalyses,"[2.1689562797546387, 1.6341698169708252, 1.6566038131713867, 1.8983595371246338, 1.5783132314682007]"
urd_8693e84a72d811c2f9c10eb0238f7556,کافر کافر قادیانی کافر ہے اور رہے گا #ناموس_رسالت_ملین_مارچ_پشاور,1,1,1,1,1,urd,[LANG=urd] کافر کافر قادیانی کافر ہے اور رہے گا #ناموس_رسالت_ملین_مارچ_پشاور,"[1.0573015213012695, 1.1729282140731812, 1.7882179021835327, 0.9676063060760498, 0.7372322082519531]"
urd_a88e13d3720f8bfd10494d8de223bdb1,کوئٹہ:بلوچ رہنماوں کا را سے کوئی تعلق نہیں،اقتصادی راہ داری بلوچوں کے ساتھ ایک اوردھوکا ہےبراہمدغ بگٹی۔رپورٹرعاطف کوئٹہ,0,0,0,0,0,urd,[LANG=urd] کوئٹہ:بلوچ رہنماوں کا را سے کوئی تعلق نہیں،اقتصادی راہ داری بلوچوں کے ساتھ ایک اوردھوکا ہےبراہمدغ بگٹی۔رپورٹرعاطف کوئٹہ,"[0.5708631873130798, -0.3626374304294586, -0.5520095825195312, -0.8257519602775574, -1.092934250831604]"
urd_487c9cb66bcb6f0912b673ab4d99697f,آج ھم لوگ ناکام ہیں اپنےسوچ وفکر سےاپنی زبان اپنی بداخلاق سے شاید ھماری اور اپ کی باتوں میں وہ وزن نہیں ہیں جو کسی دوسرے انسان کو قائل کرسکے,0,0,0,0,0,urd,[LANG=urd] آج ھم لوگ ناکام ہیں اپنےسوچ وفکر سےاپنی زبان اپنی بداخلاق سے شاید ھماری اور اپ کی باتوں میں وہ وزن نہیں ہیں جو کسی دوسرے انسان کو قائل کرسکے,"[0.1446680873632431, -0.8141264319419861, -0.6253297328948975, -1.1579859256744385, -0.6851770877838135]"
urd_821fa5a1320b38bbf59de5872f6e1f1c,ہم ایک اسلامی معاشرے میں اپنی زندگی بسر کر رہے ہیں ہمارا ویلنٹائن ڈے کے ساتھ کوئی تعلق نہیں ہے,1,1,1,1,1,urd,[LANG=urd] ہم ایک اسلامی معاشرے میں اپنی زندگی بسر کر رہے ہیں ہمارا ویلنٹائن ڈے کے ساتھ کوئی تعلق نہیں ہے,"[-0.4217960238456726, -1.0968695878982544, -0.5779300332069397, -1.5768702030181885, -1.7252554893493652]"
urd_43d3027d61f99d51a88b5765e197c22b,تکفریت کھا گئی جواں کیسے کیسے. 😭😭😭 شیعہ آن لائن۔,1,1,1,1,1,urd,[LANG=urd] تکفریت کھا گئی جواں کیسے کیسے. 😭😭😭 شیعہ آن لائن۔,"[-0.17188911139965057, -0.20812450349330902, 0.6225588917732239, -0.2955344021320343, -0.4408789575099945]"
urd_33e2c99473afadbf2613c9904e177ed9,اگر معاملات وہی نسلی روایتی طور و طریقوں سے طے ہونے ہیں تو پشتون قوم میں الگ کیا ہے پشتون نسل سے؟,0,0,0,0,0,urd,[LANG=urd] اگر معاملات وہی نسلی روایتی طور و طریقوں سے طے ہونے ہیں تو پشتون قوم میں الگ کیا ہے پشتون نسل سے؟,"[-2.3283848762512207, -1.5348705053329468, -2.26310658454895, -2.672830820083618, -2.8687312602996826]"
urd_5c589372013f3130a045d15d847a9e90,ایک ارب ستر کروڑ کی گھڑی توشہ خانہ سے صرف دو کروڑ جمع کروا کر لی گیی,0,0,0,0,0,urd,[LANG=urd] ایک ارب ستر کروڑ کی گھڑی توشہ خانہ سے صرف دو کروڑ جمع کروا کر لی گیی,"[-0.8245071768760681, -2.4157145023345947, -2.0746943950653076, -2.62854266166687, -2.339271306991577]"
urd_7e643aac972db5eaec7250b11a6d55ed,آج جیالا کا جینوئن ٹرینڈ ایک ہی ہے۔ جب تک چینل اور اینکر معافی نہیں مانگتے یہی ٹرینڈ چلنا چاہیے۔ #BoycottBakeryChannel,1,1,1,1,1,urd,[LANG=urd] آج جیالا کا جینوئن ٹرینڈ ایک ہی ہے۔ جب تک چینل اور اینکر معافی نہیں مانگتے یہی ٹرینڈ چلنا چاہیے۔ #BoycottBakeryChannel,"[0.881084144115448, -0.7613645792007446, -0.667138934135437, -0.8442611694335938, -0.21359245479106903]"
urd_ae2024843d624257621bb3e50ab9076a,خود توشہ خانہ قیس آئین سے غداری اور پتہ نہیی کتنے الزام کے مرتکب ہوۓ ہیں #RonduKhan,1,1,1,1,1,urd,[LANG=urd] خود توشہ خانہ قیس آئین سے غداری اور پتہ نہیی کتنے الزام کے مرتکب ہوۓ ہیں #RonduKhan,"[2.0538952350616455, 1.2477504014968872, 1.5758745670318604, 1.241550087928772, 1.2667455673217773]"
urd_6b8276690ce7033e60d33ca002e60f3d,قوم کو مبارک ھو مودی کا یار جیت گیا,1,1,1,1,1,urd,[LANG=urd] قوم کو مبارک ھو مودی کا یار جیت گیا,"[1.3088123798370361, 0.8231019377708435, 0.950285792350769, 0.6473031640052795, 0.6591695547103882]"
urd_9472b7cf2d61ef98e78497151d6f42ab,اللہ کی شان دیکھیں ، خواجہ سرا الیکشن لڑ سکتے @URL نواز شریف نہیں 😅😂,1,0,0,1,0,urd,[LANG=urd] اللہ کی شان دیکھیں ، خواجہ سرا الیکشن لڑ سکتے @URL نواز شریف نہیں 😅😂,"[1.4907493591308594, 0.7090352773666382, 0.8428487777709961, 0.5221059918403625, 0.5105558037757874]"
urd_c897f0e1f15a73f2caf6e097d6aea54e,گیٹ نمبر 4 کی نماز کام کر گئی 😐پاکستان ہار گیا آج ہمیں غلامی کرنی پڑے گی 😢,1,0,0,0,0,urd,[LANG=urd] گیٹ نمبر 4 کی نماز کام کر گئی 😐پاکستان ہار گیا آج ہمیں غلامی کرنی پڑے گی 😢,"[1.702784776687622, 1.0569863319396973, 1.422045111656189, 0.7618576288223267, 0.963395357131958]"
urd_162ff37a0596ad87df4086960a8e652d,پشتونوں پر ظلم سے پردہ ہٹانا قوم پرستی نہیں بلکہ دینِ محمدی کے رو سے عین عبادت ہے,0,0,0,0,0,urd,[LANG=urd] پشتونوں پر ظلم سے پردہ ہٹانا قوم پرستی نہیں بلکہ دینِ محمدی کے رو سے عین عبادت ہے,"[-1.10221529006958, -0.9985293745994568, -0.7757059335708618, -2.148446559906006, -2.345069169998169]"
urd_8b4c0a56e9e904dff8f0b997c56f0379,بابا فراڈیا اپنے ہونے والے ایک پوتے کا نام دیامر بھاشا اور ایک کا نام کالا باغ ڈیم رکھے۔😂 یوتھیو کی درد مندانہ اپیل,0,0,0,0,0,urd,[LANG=urd] بابا فراڈیا اپنے ہونے والے ایک پوتے کا نام دیامر بھاشا اور ایک کا نام کالا باغ ڈیم رکھے۔😂 یوتھیو کی درد مندانہ اپیل,"[-0.6984031200408936, -2.192206859588623, -1.6872082948684692, -2.4604551792144775, -2.353849172592163]"
urd_fe4aa56dd9cebea6e65d8424023910cb,ڈھال بھی پشتون تلوار بھی پشتون جانباز بھی پشتون مطلب پورا ہو جاۓ تو غدار بھی پشتون👉,1,1,1,1,1,urd,[LANG=urd] ڈھال بھی پشتون تلوار بھی پشتون جانباز بھی پشتون مطلب پورا ہو جاۓ تو غدار بھی پشتون👉,"[1.156315565109253, 1.3206820487976074, 0.7665022611618042, 0.48195207118988037, 0.594619631767273]"
urd_71fa9f0c63b15a455ad83745ac46f286,پاکستان تو تھک گیا پشتونوں کو بتابتاکہ تم لوگ پاکستان کے نہیں ہو مگر کیا مجال جو ڈھیٹ پشتونوں کو یہ بات سمجھ آرھی ہو #شرمیدلو,0,1,0,0,0,urd,[LANG=urd] پاکستان تو تھک گیا پشتونوں کو بتابتاکہ تم لوگ پاکستان کے نہیں ہو مگر کیا مجال جو ڈھیٹ پشتونوں کو یہ بات سمجھ آرھی ہو #شرمیدلو,"[1.6162540912628174, 1.7614647150039673, 0.9926156997680664, 1.0582584142684937, 1.1728110313415527]"
urd_cf73b83e02402ad458e5c99a0de1fb63,ہمارے سیکیوریٹی ادارے مسلح فرقہ ورانہ تنظیمات پر ہاتھ ڈالنے سے کیوں ہچکچا رہے ہیں۔ PPA,1,1,1,1,1,urd,[LANG=urd] ہمارے سیکیوریٹی ادارے مسلح فرقہ ورانہ تنظیمات پر ہاتھ ڈالنے سے کیوں ہچکچا رہے ہیں۔ PPA,"[0.5735448002815247, -0.83504718542099, -0.414884090423584, -0.8975303173065186, -0.7987107038497925]"
urd_17204dca6ac1f97472f70b96e7efcee4,. پاکستان میں موجود افغان مہاجرین کے قیام کی مدت کل ختم ہوگی. مرکزی کابینہ کے فیصلے تک صوبےافغان مہاجرین کیخلاف ایکشن نہ لیں. وفاق کی ہدایت,0,0,0,0,0,urd,[LANG=urd] . پاکستان میں موجود افغان مہاجرین کے قیام کی مدت کل ختم ہوگی. مرکزی کابینہ کے فیصلے تک صوبےافغان مہاجرین کیخلاف ایکشن نہ لیں. وفاق کی ہدایت,"[-1.0139691829681396, -2.3580222129821777, -2.1894919872283936, -2.702083110809326, -2.6733691692352295]"
urd_0c9f3c65716ed8db43c259442decfd7f,دنیا کا سب سے بہترین یوٹرن توبہ ہے۔۔✨,0,0,0,0,0,urd,[LANG=urd] دنیا کا سب سے بہترین یوٹرن توبہ ہے۔۔✨,"[2.2007241249084473, 1.5872780084609985, 2.1409151554107666, 1.6678194999694824, 1.5512211322784424]"
urd_76995d02166c7a03343a189a76a1a039,جب را ایجنٹ پکڑا گیا تو خاموشی وہ پاکستان کا معاملہ تھا اور جب پاناما اور بیٹوں کے سر پر آیا توصفائیاں دینے بیٹھ گئے #PanamaLeaks,1,1,1,1,1,urd,[LANG=urd] جب را ایجنٹ پکڑا گیا تو خاموشی وہ پاکستان کا معاملہ تھا اور جب پاناما اور بیٹوں کے سر پر آیا توصفائیاں دینے بیٹھ گئے #PanamaLeaks,"[2.1681230068206787, 1.4634305238723755, 1.5913349390029907, 1.4380934238433838, 1.2735280990600586]"
urd_c9ead8abe9904cd330a317ae7a6c3e2b,"نہتے کشمیریوں کی نسل کشی کی جارہی ہے تو دوسری طرف حریت قائدین کو مسلسل پابند سلاسل رکھا جارہا ہے @USER #JammuMartyrsDay""",1,1,1,0,0,urd,"[LANG=urd] نہتے کشمیریوں کی نسل کشی کی جارہی ہے تو دوسری طرف حریت قائدین کو مسلسل پابند سلاسل رکھا جارہا ہے @USER #JammuMartyrsDay""","[1.358950138092041, 1.1704496145248413, 1.1995564699172974, 1.0064852237701416, 0.8266716003417969]"
urd_0c1dbdb7ffdeac875763090478deb991,اپنے حق کیلئے اواز اٹھانے کو ریاست مخالف ریلی کہہ کر گرفتار کیا گیا تھا جو ابھی تک جیل میں ھے #ReleaseArifWazir @USER,0,0,0,0,0,urd,[LANG=urd] اپنے حق کیلئے اواز اٹھانے کو ریاست مخالف ریلی کہہ کر گرفتار کیا گیا تھا جو ابھی تک جیل میں ھے #ReleaseArifWazir @USER,"[-0.7389993071556091, -1.3968273401260376, -1.3892878293991089, -1.895777702331543, -2.1571714878082275]"
urd_0d119058a4f2ae602a9c0041d0839f13,کرپٹ حکمران پیسہ چوری کرکے باہر لے جاتے ہیں، عمران خان #PTISargodhaCampaign,1,1,1,1,1,urd,[LANG=urd] کرپٹ حکمران پیسہ چوری کرکے باہر لے جاتے ہیں، عمران خان #PTISargodhaCampaign,"[0.8326786756515503, -0.535820722579956, -0.3193138837814331, -0.815590500831604, -1.3322625160217285]"
urd_da37a48f4b9d8906ba3cc4e248fd4127,مغربی معاشرے سے عورتوں کے الزامات نے جس مقدار میں جنسی غلاظت سے پردہ اٹھایا ہے ، آج مسلمان ہونے پہ اطمینان محسوس ہو رہا۔ . #جشن_آمد_رسولﷺ,1,1,1,1,1,urd,[LANG=urd] مغربی معاشرے سے عورتوں کے الزامات نے جس مقدار میں جنسی غلاظت سے پردہ اٹھایا ہے ، آج مسلمان ہونے پہ اطمینان محسوس ہو رہا۔ . #جشن_آمد_رسولﷺ,"[0.08153140544891357, -0.1963854879140854, 0.34166374802589417, 0.21694697439670563, -1.0366966724395752]"
urd_12faeab3f52b0b2f220a16898bc4776c,نیوٹرلز کا بندہ ہار رہا تھا انہوں نے آر ٹی ایس سسٹم کو کہا تم تھوڑی دیر بیٹھ جاؤ😂,1,0,0,0,0,urd,[LANG=urd] نیوٹرلز کا بندہ ہار رہا تھا انہوں نے آر ٹی ایس سسٹم کو کہا تم تھوڑی دیر بیٹھ جاؤ😂,"[1.932450771331787, 1.0654640197753906, 1.2226158380508423, 0.9443015456199646, 1.1639578342437744]"
urd_92a175692742260a2e0b47c37981863a,ھووے یہ بوٹ پالشی حملہ کرکےاس بندے نوں ڈارنے کی کوشش کر رھےھے        جنھے سردیاں وچ ریحام خان نوں طلاق  دیتی 🤣🤣🤣🤣🤣🤣🤣🤣,1,0,0,0,0,urd,[LANG=urd] ھووے یہ بوٹ پالشی حملہ کرکےاس بندے نوں ڈارنے کی کوشش کر رھےھے        جنھے سردیاں وچ ریحام خان نوں طلاق  دیتی 🤣🤣🤣🤣🤣🤣🤣🤣,"[2.2110400199890137, 1.3565855026245117, 1.6084779500961304, 2.02821683883667, 1.323152780532837]"
urd_c5713bac4b868ffdc3ce622bdc26a900,کس کھوتی دے پتر نوں پی ایم بنا دتا جے سلیکٹرز کوسوچنا پڑے گا #EliteKaPuppetNiazi,1,1,1,1,1,urd,[LANG=urd] کس کھوتی دے پتر نوں پی ایم بنا دتا جے سلیکٹرز کوسوچنا پڑے گا #EliteKaPuppetNiazi,"[1.8525910377502441, 0.7630049586296082, 0.9514899253845215, 0.7509808540344238, 0.8709032535552979]"
urd_855e4d9fccc084a27434d77f32230a24,جب لوگوں کے ووٹ چوری ہوتے ہیں تو تب جا کر #جرنیلوں_کاکتا وزیر اعظم بنتا @URL,1,1,1,1,1,urd,[LANG=urd] جب لوگوں کے ووٹ چوری ہوتے ہیں تو تب جا کر #جرنیلوں_کاکتا وزیر اعظم بنتا @URL,"[1.8584399223327637, 1.3275846242904663, 1.3545416593551636, 1.1678751707077026, 0.9880121946334839]"
urd_af517edcd83f4b7e8f69af1add2874f6,دورے عمران خان میں لفافہ صحافت نہیں چلے گی اور ان لفافوں کا احتساب ہونا چاہئے پتہ تو چلے کون کون موجیں مارتا رہا ہے ۔۔۔ #سرکاری_حاجن #لفافہ_صحافت_نہیں_چلےگی @USER,1,1,1,1,1,urd,[LANG=urd] دورے عمران خان میں لفافہ صحافت نہیں چلے گی اور ان لفافوں کا احتساب ہونا چاہئے پتہ تو چلے کون کون موجیں مارتا رہا ہے ۔۔۔ #سرکاری_حاجن #لفافہ_صحافت_نہیں_چلےگی @USER,"[2.5354127883911133, 1.2783944606781006, 1.352402925491333, 1.3433682918548584, 1.3416399955749512]"
urd_dcda95606b4223c64ad82a7352387ffe,اس ملک کو ایٹمی ملک کو ایٹمی طاقت بنایا #وزیراعظم_نوازشریف,0,0,0,0,0,urd,[LANG=urd] اس ملک کو ایٹمی ملک کو ایٹمی طاقت بنایا #وزیراعظم_نوازشریف,"[1.4478906393051147, 0.5871455073356628, 0.6038235425949097, 0.014637814834713936, 0.3974621295928955]"
urd_d3f713a4a81f5bbca0248de419a8823e,سن ستر تک بلوچ علیحدگی پسندوں کے ٹرینگ کیمپس افغانستان میں تھے بالکل ایسے ہی پشتونستان بنانے والو کے کیمپس بھی افغانستان میں تھے-,1,1,1,1,1,urd,[LANG=urd] سن ستر تک بلوچ علیحدگی پسندوں کے ٹرینگ کیمپس افغانستان میں تھے بالکل ایسے ہی پشتونستان بنانے والو کے کیمپس بھی افغانستان میں تھے-,"[1.893477201461792, 1.5406160354614258, 0.9593874216079712, 1.0095889568328857, 1.0527241230010986]"
urd_94a372e18002550ce72117f225505533,یہ علی ممتاز نے کیا خواجہ سرا کو پکڑ کر بیٹھ گیا @USER,0,0,0,0,0,urd,[LANG=urd] یہ علی ممتاز نے کیا خواجہ سرا کو پکڑ کر بیٹھ گیا @USER,"[1.5217777490615845, -0.18585221469402313, 0.043166838586330414, 0.3746485412120819, 0.2955450415611267]"
urd_99669b21fec575a75c64508e68afba65,مقبوضہ کشمیرمیں بھارتی ریاستی دہشت گردی کےلاتعدادثبوت ہیں،پاکستانی مندوب,1,1,1,1,1,urd,[LANG=urd] مقبوضہ کشمیرمیں بھارتی ریاستی دہشت گردی کےلاتعدادثبوت ہیں،پاکستانی مندوب,"[0.9581261873245239, 0.46896547079086304, -0.0054960185661911964, -0.013834521174430847, -0.12730780243873596]"
urd_a338b5370e82d571f76449607ae14c4e,عذر بدتر از گنہ کا ذِکر کیا بے سبب ہم پر عنایت کیجیے گستاخِ نبی کی ایک ہی سزا سر تن سے جدا سر تن سے جدا⚔️ 😡⚔️ #من_سب_نبیافاقتلوہ,1,1,1,1,1,urd,[LANG=urd] عذر بدتر از گنہ کا ذِکر کیا بے سبب ہم پر عنایت کیجیے گستاخِ نبی کی ایک ہی سزا سر تن سے جدا سر تن سے جدا⚔️ 😡⚔️ #من_سب_نبیافاقتلوہ,"[0.11094421148300171, -0.45566508173942566, 0.6576220989227295, -0.8232699632644653, -0.7351853847503662]"
urd_60afa365088383e155012f67286438c0,اب نہیؔ آٹھو گے تو کب آٹھو گے ظالموں نے ارشد بھای کو شہید کر دیا یہ سب اس سسلین مافیا کا کام ہے 😭😭😭😭💔💔💔💔,0,0,0,0,0,urd,[LANG=urd] اب نہیؔ آٹھو گے تو کب آٹھو گے ظالموں نے ارشد بھای کو شہید کر دیا یہ سب اس سسلین مافیا کا کام ہے 😭😭😭😭💔💔💔💔,"[2.549276351928711, 1.4870935678482056, 1.6128617525100708, 1.3215852975845337, 1.4498413801193237]"
urd_49569586c60ac3d104326ec3693e801c,پنجاب کی پولیس نسلی تعصب کی وجہ سے ہارون بی بی کی کیس پر ایکشن نہیں لیتا ۔ #JusticeForHarunBibi  #ReleaseRuwaidUllah,0,1,0,0,0,urd,[LANG=urd] پنجاب کی پولیس نسلی تعصب کی وجہ سے ہارون بی بی کی کیس پر ایکشن نہیں لیتا ۔ #JusticeForHarunBibi  #ReleaseRuwaidUllah,"[-0.10343229025602341, -0.5114710927009583, -0.9614236354827881, -0.8899165391921997, -1.0678741931915283]"
urd_7e73c3452af1c11409ada33de6ed75b6,چوھدری شجاعت کا خط امریکی خط سے زیادہ شکتی شالی نکلا🤣🤣🤣🤣 #PunjabCMElection,1,1,1,1,1,urd,[LANG=urd] چوھدری شجاعت کا خط امریکی خط سے زیادہ شکتی شالی نکلا🤣🤣🤣🤣 #PunjabCMElection,"[2.1948611736297607, 1.668817400932312, 1.6145553588867188, 1.5539698600769043, 1.4674748182296753]"
urd_779ff004d846a7ce313359e0fe319585,بھارتی ایجنٹ کی گرفتاری پر گوتم بمبا والا کی دفتر خارجہ طلبی ،پاکستان کا بھارت سے شدید احتجاج #Pakistan #Urdu,0,0,0,0,0,urd,[LANG=urd] بھارتی ایجنٹ کی گرفتاری پر گوتم بمبا والا کی دفتر خارجہ طلبی ،پاکستان کا بھارت سے شدید احتجاج #Pakistan #Urdu,"[-2.320591926574707, -2.825183391571045, -2.658111810684204, -3.1056768894195557, -3.3553314208984375]"
urd_a7b33f6366fd5c76924eb86484f06bd2,پیپلزڈیموکریٹک پارٹی اور بی جے پی کی سرپرستی میں قائم حکومت فرقہ ورانہ قوتوں کی پشت پناہی کررہی ہے:جموں وکشمیرپیپلزموومنٹ,0,0,0,0,0,urd,[LANG=urd] پیپلزڈیموکریٹک پارٹی اور بی جے پی کی سرپرستی میں قائم حکومت فرقہ ورانہ قوتوں کی پشت پناہی کررہی ہے:جموں وکشمیرپیپلزموومنٹ,"[-1.6882989406585693, -2.597783088684082, -2.1510398387908936, -3.185084819793701, -3.3908135890960693]"
urd_d0cec154ba92c38c41538803a4f17156,عید کی چھٹیوں کے بعد سوشل میڈیا پر کالا باغ ڈیم کی تعمیر کا کام دوبادہ شروع ھو گیا,0,0,0,0,0,urd,[LANG=urd] عید کی چھٹیوں کے بعد سوشل میڈیا پر کالا باغ ڈیم کی تعمیر کا کام دوبادہ شروع ھو گیا,"[-1.5503517389297485, -2.5250210762023926, -1.9134844541549683, -2.8669040203094482, -2.590409517288208]"
urd_4c86f67666d8c5bb078ada163ad1bc9d,ان پڑھ معاشرے میں برائی اکثریت کی ضد اور اچھائی اقلیت کی غیرت بن جاتی ہے #NA154,1,0,0,0,0,urd,[LANG=urd] ان پڑھ معاشرے میں برائی اکثریت کی ضد اور اچھائی اقلیت کی غیرت بن جاتی ہے #NA154,"[1.82356595993042, 1.4987910985946655, 1.2886680364608765, 1.3051929473876953, 1.2227071523666382]"
urd_8957ffcd811679b56632d1d3eacc06e5,اُمت مسلمہ ماشااللّہ مسلمہ سے ترقی کرکے اُمت فرقہ واریت ہوگیا۔  #StopWarsInMuslimWorld  #BeUnitedMuslims,0,0,0,0,0,urd,[LANG=urd] اُمت مسلمہ ماشااللّہ مسلمہ سے ترقی کرکے اُمت فرقہ واریت ہوگیا۔  #StopWarsInMuslimWorld  #BeUnitedMuslims,"[-1.2602381706237793, -1.4807857275009155, -0.7295577526092529, -2.685410261154175, -2.54689884185791]"
urd_dc2b9e0a31d5a92b87a09d25503951f6,میرا جسم میری مرضی والے آنٹیوں پر پتھراؤ اور پتھر ماروں ان بیہودہ گندے عورتوں کو @USER #فحاشی_مارچ_نامنظور,1,1,1,1,1,urd,[LANG=urd] میرا جسم میری مرضی والے آنٹیوں پر پتھراؤ اور پتھر ماروں ان بیہودہ گندے عورتوں کو @USER #فحاشی_مارچ_نامنظور,"[2.021425724029541, 1.634535551071167, 1.6770168542861938, 2.2852823734283447, 1.3584223985671997]"
urd_eaac470e851e60da69155bdd64617826,سلیکٹڈ وزیراعظم عمران نیازی کا امریکا میں والہانہ استقبال ڈوب کے مر جا تو نیازی گو نیازی گو نیازی @USER,1,1,1,1,1,urd,[LANG=urd] سلیکٹڈ وزیراعظم عمران نیازی کا امریکا میں والہانہ استقبال ڈوب کے مر جا تو نیازی گو نیازی گو نیازی @USER,"[1.737583041191101, 0.6695013642311096, 0.45069339871406555, 0.6886451244354248, 0.5163278579711914]"
urd_35377f169b3e35c4fd6c34c5d9f869b0,چینی اور گندم مافیا کے بعد اب پٹرول مافیا کا راج #BycottotherspromotePSO @USER,1,1,1,1,1,urd,[LANG=urd] چینی اور گندم مافیا کے بعد اب پٹرول مافیا کا راج #BycottotherspromotePSO @USER,"[2.2016098499298096, 1.4430148601531982, 1.3780299425125122, 1.1719080209732056, 1.40116286277771]"
urd_fd7c06398a48369c70cd045afd15d43b,یہ جو ملک میں سکون ہے اس کے پیچھے وردی والوں کا خون ہے 💖❤💜💙 #PakistanZindabad #PakistanLeadsWithPeace #NobelPeacePrizeForImranKhan,0,0,0,0,0,urd,[LANG=urd] یہ جو ملک میں سکون ہے اس کے پیچھے وردی والوں کا خون ہے 💖❤💜💙 #PakistanZindabad #PakistanLeadsWithPeace #NobelPeacePrizeForImranKhan,"[-1.427061915397644, -2.515475273132324, -2.2720158100128174, -2.8513882160186768, -3.0985844135284424]"
urd_4507799e7bede83e3449c3c9806cc7ee,#مفت_پٹرول_ختم_کرو عام آدمی اشرافیہ کی عیاشیوں کی قیمت کیوں ادا کرے۔ اشرافیہ کے بجلی،پٹرول ودیگر الاؤنسز بند کئے جائیں۔,0,0,0,0,0,urd,[LANG=urd] #مفت_پٹرول_ختم_کرو عام آدمی اشرافیہ کی عیاشیوں کی قیمت کیوں ادا کرے۔ اشرافیہ کے بجلی،پٹرول ودیگر الاؤنسز بند کئے جائیں۔,"[1.968660593032837, 1.0047199726104736, 0.9107021689414978, 0.9225497841835022, 1.0520623922348022]"
urd_13d580818aa5946987cb9cc058e373fb,دھرنوں کی سیاست تحریک انصاف نے ہی شروع کی. اب ہمیں بنی گالہ میں دھرنوں کا بُرا نہیں منانا چاہیے: جہانگیر ترین,1,0,0,0,0,urd,[LANG=urd] دھرنوں کی سیاست تحریک انصاف نے ہی شروع کی. اب ہمیں بنی گالہ میں دھرنوں کا بُرا نہیں منانا چاہیے: جہانگیر ترین,"[1.7413456439971924, 0.5538709759712219, 0.5495522022247314, 0.5789415836334229, 0.3826596736907959]"
urd_e2baf3b98452d62cef111789b7051348,کنوینیر را ایجنٹ بانی را تو تنظیم بحال کیو??? #BanMQM,1,1,1,1,1,urd,[LANG=urd] کنوینیر را ایجنٹ بانی را تو تنظیم بحال کیو??? #BanMQM,"[0.8633950352668762, -0.19167332351207733, -0.3728661835193634, -0.5998977422714233, -1.0359762907028198]"
urd_51fb9b02bef78d1d08a48eef8b404661,پنجاب حکومت نے کالا باغ ڈیم کی تعمیر کیلئے عمران خان سے تعاون کی اپیل کر دی,0,0,0,0,0,urd,[LANG=urd] پنجاب حکومت نے کالا باغ ڈیم کی تعمیر کیلئے عمران خان سے تعاون کی اپیل کر دی,"[-1.425532579421997, -2.5122780799865723, -2.3385026454925537, -2.9141602516174316, -2.886934995651245]"
urd_90bad3b5ce34ebc7c7873d0c7fc569c4,#گو_شوباز_گو #گاڈ فادر #نااہل نورے کے #گھسیٹنے کے بعد پیش #خدمت ہے #ساشے #پیک #لٹل گاڈ فادر انقریب #گھسیٹنے کا افتتاح کیا جاۓ گا 😭😭,1,1,1,1,1,urd,[LANG=urd] #گو_شوباز_گو #گاڈ فادر #نااہل نورے کے #گھسیٹنے کے بعد پیش #خدمت ہے #ساشے #پیک #لٹل گاڈ فادر انقریب #گھسیٹنے کا افتتاح کیا جاۓ گا 😭😭,"[2.669297218322754, 1.4371042251586914, 1.3435858488082886, 1.5503060817718506, 1.395319938659668]"
urd_2b31c18d9b51df2cc19f68a6b6cdbe5b,ڈونلڈٹرمپ نےشارلٹس ول میں نسل پرست مظاہرین کےخلاف سخت موقف اپنانےسےگریزکیاتھا,0,0,0,0,0,urd,[LANG=urd] ڈونلڈٹرمپ نےشارلٹس ول میں نسل پرست مظاہرین کےخلاف سخت موقف اپنانےسےگریزکیاتھا,"[-1.4773004055023193, -2.473172664642334, -2.403242826461792, -2.7781789302825928, -2.83144211769104]"
urd_4ec3935a661dd3776dfb46156213c652,وزارت عظمیٰ سےتاحیات نااہلی پرنوازشریف جمہوری نظام کاخاتمہ چاہتے ہیں،عمران خان,1,1,1,1,1,urd,[LANG=urd] وزارت عظمیٰ سےتاحیات نااہلی پرنوازشریف جمہوری نظام کاخاتمہ چاہتے ہیں،عمران خان,"[0.8834499716758728, -0.6946718096733093, -0.11765220016241074, -0.6509928107261658, -1.1871609687805176]"
urd_ef4ef2a1af9a8cba4368cba94e671a8d,ہم جنس پرستوں کیلئے کوئی نرم گوشہ نہیں- انڈونیشین صدارتی ترجمان #ARYNews,1,1,1,1,1,urd,[LANG=urd] ہم جنس پرستوں کیلئے کوئی نرم گوشہ نہیں- انڈونیشین صدارتی ترجمان #ARYNews,"[-1.3746819496154785, -1.6681644916534424, -2.362177610397339, -2.4185760021209717, -2.396040201187134]"
urd_1e56eb0dc71d29c57a2e4fb7c870c572,اسلام آباد ہائیکورٹ نے عمران خان کو توہین مذہب کی بنیاد پر نااہل کرنے کی درخواست پر فیصلہ سنا دیا @USER,0,0,0,0,0,urd,[LANG=urd] اسلام آباد ہائیکورٹ نے عمران خان کو توہین مذہب کی بنیاد پر نااہل کرنے کی درخواست پر فیصلہ سنا دیا @USER,"[-1.4997992515563965, -2.437887191772461, -2.2381999492645264, -2.808878183364868, -3.0094668865203857]"
urd_71b2127ddd884025e852fa3adbe5b9af,یہ جان لینا چاھیۓ کہ علماء کرام پر اعتماد کرنے سے ہی مغربی کلچر و ثقافت اور مغربی سیاست کو شکست دی جاسکتی ہے #SaadRizviInMianwali,1,1,1,1,1,urd,[LANG=urd] یہ جان لینا چاھیۓ کہ علماء کرام پر اعتماد کرنے سے ہی مغربی کلچر و ثقافت اور مغربی سیاست کو شکست دی جاسکتی ہے #SaadRizviInMianwali,"[1.102962613105774, 0.7007070183753967, 1.1759713888168335, 0.35022637248039246, 0.5709116458892822]"
urd_345626b6776b6e1ce9f1689da580ab80,میرا جسم میری مرضی کہنے والیو! آج چائنہ والوں سے پوچھو جسم انکا ہے پر مرضی اللہ تعالیٰ کی چل رہی ہے_!!,1,1,0,1,0,urd,[LANG=urd] میرا جسم میری مرضی کہنے والیو! آج چائنہ والوں سے پوچھو جسم انکا ہے پر مرضی اللہ تعالیٰ کی چل رہی ہے_!!,"[1.9033937454223633, 2.150853395462036, 1.677024006843567, 1.6308350563049316, 1.4514780044555664]"
urd_0a5b241ceceec7561f99999bc1c09dac,باوسوق ذرائع نے بتایا کہ سنتھیا رچی ریاست مخالف سرگرمیوں میں ملوث ہے، #CynthiaDRitchie,1,0,0,0,0,urd,[LANG=urd] باوسوق ذرائع نے بتایا کہ سنتھیا رچی ریاست مخالف سرگرمیوں میں ملوث ہے، #CynthiaDRitchie,"[1.5979061126708984, 0.9164021611213684, 0.8247317671775818, 0.5521098375320435, 0.6107158064842224]"
urd_8d6dec7256de4247d801c731a4dabc02,#گھڑی_چور_شرم_کرو عمران خان اتنا ورلڈ کپ میں مشہور نہیں ہوا تھا جتنا گھڑی چور مشہور ہوا ہے,1,1,1,1,1,urd,[LANG=urd] #گھڑی_چور_شرم_کرو عمران خان اتنا ورلڈ کپ میں مشہور نہیں ہوا تھا جتنا گھڑی چور مشہور ہوا ہے,"[1.6190265417099, 0.387196809053421, 0.5723932981491089, 0.44303685426712036, 0.9809260368347168]"
urd_09c471a20be0503e746e6c30ee2023cb,پانامہ لیکس، ڈان لیکس اور آڈیو لیکس، ن لیگ کا نام بدل کر ن لیکس رکھ دینا چاہئے۔,1,1,1,1,1,urd,[LANG=urd] پانامہ لیکس، ڈان لیکس اور آڈیو لیکس، ن لیگ کا نام بدل کر ن لیکس رکھ دینا چاہئے۔,"[0.6000320315361023, -0.662281334400177, -0.643775224685669, -0.7440231442451477, -1.0072088241577148]"
urd_0445d927dc56f8b314df2cd49bf895a4,خلیل الرحمٰن قمر نے زبردست پھینٹا لگایا ہے فیمنسٹ عورت کی۔۔۔,1,1,1,1,1,urd,[LANG=urd] خلیل الرحمٰن قمر نے زبردست پھینٹا لگایا ہے فیمنسٹ عورت کی۔۔۔,"[1.8540706634521484, 1.4655308723449707, 1.510902762413025, 1.9532890319824219, 1.259389042854309]"
urd_bbb92784fd23ca8e8cc60a7e1d5d0026,"فرمان رسول پاک ﷺ ""حُسینؑ و مِنی وَآناَ من الحُسینؑ"" قتل امام حسینؑ سب سے بڑی توہین رسالت ہے!",0,0,1,0,0,urd,"[LANG=urd] فرمان رسول پاک ﷺ ""حُسینؑ و مِنی وَآناَ من الحُسینؑ"" قتل امام حسینؑ سب سے بڑی توہین رسالت ہے!","[0.8480987548828125, 0.9751479029655457, 1.5673567056655884, 0.6843281984329224, 0.6083496809005737]"
urd_7ec2ed6df34620b62588e8407c09d407,نوشہرہ :گرفتار افراد میں40 غیرقانونی رہائش پذیر افغان مہاجرین شامل،ڈی پی او,0,0,0,0,0,urd,[LANG=urd] نوشہرہ :گرفتار افراد میں40 غیرقانونی رہائش پذیر افغان مہاجرین شامل،ڈی پی او,"[-1.5759828090667725, -2.1054506301879883, -2.2109086513519287, -2.903341293334961, -3.0875117778778076]"
urd_617f310825751e945d880e20d5c661d8,بکاؤ میڈیا کتے کا پتر کہا مرگیا ہے اب انکے اندر کا دین مرگیا ہے کیا ؟؟؟ ختم نبوت کا اصل زمہ دار سامنے ہے لعنت کنجروں پر لعنت,1,1,1,1,1,urd,[LANG=urd] بکاؤ میڈیا کتے کا پتر کہا مرگیا ہے اب انکے اندر کا دین مرگیا ہے کیا ؟؟؟ ختم نبوت کا اصل زمہ دار سامنے ہے لعنت کنجروں پر لعنت,"[1.389077067375183, 0.7251806259155273, 1.8987836837768555, 0.6866177320480347, 1.2758738994598389]"
urd_bbd404d6c1288c4b94a5756bc1ba236c,"میرے پاس گستاخ صحابہ کے لیئے نہ ٹھنڈا دماغ ہے , نہ میٹھی زبان اور نہ ہی نرم دل @USER آپ کے پاس",1,1,1,1,1,urd,"[LANG=urd] میرے پاس گستاخ صحابہ کے لیئے نہ ٹھنڈا دماغ ہے , نہ میٹھی زبان اور نہ ہی نرم دل @USER آپ کے پاس","[1.6776896715164185, 1.8969329595565796, 2.0980958938598633, 1.7035037279129028, 1.5482096672058105]"
urd_bd64772dad8c64f3b20de35b8a57b55c,قادیانی کافر تھا ہے اور تا قیامت رہے گا  تاجدار ختم نبوت زندہ باد  ❤❤❤ #Good_Night,0,0,1,0,0,urd,[LANG=urd] قادیانی کافر تھا ہے اور تا قیامت رہے گا  تاجدار ختم نبوت زندہ باد  ❤❤❤ #Good_Night,"[0.636965274810791, 0.3547517955303192, 1.108107328414917, 0.11570978164672852, -0.12007999420166016]"
urd_7e7a7f479a55257114d516655ab783d6,مشیرخزانہ حفیظ شیخ پی پی کاوزیرخزانہ رہ چکاہےبرگیڈیئراعجازشاہ،امریکی ٹاؤٹ،قاتل مشرف کالےپالک ہےپی ٹی آئی اپنےہی بیانیےسےمنحرف ہے,0,0,0,0,0,urd,[LANG=urd] مشیرخزانہ حفیظ شیخ پی پی کاوزیرخزانہ رہ چکاہےبرگیڈیئراعجازشاہ،امریکی ٹاؤٹ،قاتل مشرف کالےپالک ہےپی ٹی آئی اپنےہی بیانیےسےمنحرف ہے,"[2.164083480834961, 1.120949387550354, 1.0840505361557007, 0.8432227373123169, 0.8593599796295166]"
urd_c8b5c87098f9b422f1df66844c4e2ce7,پشتونوں کے تحفظ کے نام پشتونوں کے استحصال کرنے والے تین منحوس @USER #BanPTMnow @USER,1,1,1,1,1,urd,[LANG=urd] پشتونوں کے تحفظ کے نام پشتونوں کے استحصال کرنے والے تین منحوس @USER #BanPTMnow @USER,"[2.187131881713867, 1.841330647468567, 1.6869847774505615, 1.4621140956878662, 1.5880696773529053]"
urd_c836e992e803d97958a2cbf57ee0f80b,پاکستانی عدالت کے فیصلے کے مطابق پرویز مشرف غدار ہیں آئین کی خلاف ورزی کی ہے اسے ایسے ہی الفاظ سے پکارا جانا چاہیے جمہوریت پسندوں کی اپیل,1,1,1,1,1,urd,[LANG=urd] پاکستانی عدالت کے فیصلے کے مطابق پرویز مشرف غدار ہیں آئین کی خلاف ورزی کی ہے اسے ایسے ہی الفاظ سے پکارا جانا چاہیے جمہوریت پسندوں کی اپیل,"[0.9801445603370667, -0.8559626936912537, -0.13154426217079163, -0.9951480627059937, -1.2189302444458008]"
urd_b1a39cbf06f729ddd0b54cd1bc02c479,پاک آرمی زندہ باد۔ ہمارا فخر ہے پاک آرمی لیکن ہمیں یہ امپورٹڈ، ضمیر فروش ، وطن فروش حکومت منظور نہیں @USER #امپورٹڈ_حکومت_نامنظور,1,1,1,1,1,urd,[LANG=urd] پاک آرمی زندہ باد۔ ہمارا فخر ہے پاک آرمی لیکن ہمیں یہ امپورٹڈ، ضمیر فروش ، وطن فروش حکومت منظور نہیں @USER #امپورٹڈ_حکومت_نامنظور,"[2.2825961112976074, 1.4047707319259644, 1.284567952156067, 1.2829794883728027, 1.3038744926452637]"
urd_c34a1483ff513c01f1cca557930cc9cd,ہم پشتون تحفظ مومنٹ جلسے کی مکمل حمایت کرتےہیں۔ #PashtunLongMarch2Peshawar,0,0,0,0,0,urd,[LANG=urd] ہم پشتون تحفظ مومنٹ جلسے کی مکمل حمایت کرتےہیں۔ #PashtunLongMarch2Peshawar,"[-1.6327464580535889, -2.076298236846924, -1.9550962448120117, -2.928363561630249, -2.994920492172241]"
urd_583caee9770a423f898f2c9dfedf6bd5,بلاول نے جلسے میں سلیکٹرز کو کہہ دیا مجھ سے رابطہ کرنا بند کرو میری طرح آپ کو بھی زیادہ یقین نہیں آ رہا ھونا🚶🚶🚶,0,0,0,0,0,urd,[LANG=urd] بلاول نے جلسے میں سلیکٹرز کو کہہ دیا مجھ سے رابطہ کرنا بند کرو میری طرح آپ کو بھی زیادہ یقین نہیں آ رہا ھونا🚶🚶🚶,"[0.5640574097633362, -1.0729347467422485, -0.8489538431167603, -1.3294847011566162, -0.9922270774841309]"
urd_da9cc43ef82a1d15c56ea54e3edcea05,انشاءاللہ عمران خان اسلامک صدارتی نظام لائیں گے,1,1,1,1,1,urd,[LANG=urd] انشاءاللہ عمران خان اسلامک صدارتی نظام لائیں گے,"[-0.35979804396629333, -1.9395331144332886, -0.9084243774414062, -2.029806137084961, -2.3743929862976074]"
urd_5c4ffaa1a8380eeeb775d151d70713be,جوکچھ آج مجھےمیرےایک دوست نےقبائلی علاقوں کےحالات بتائےہیں وہ توتصویرہی کچھ اورتھی وہ وہاں سے ہوکرآیاہے،مہمان نوازی مذہبی رواداری توعام ہے,0,0,0,0,0,urd,[LANG=urd] جوکچھ آج مجھےمیرےایک دوست نےقبائلی علاقوں کےحالات بتائےہیں وہ توتصویرہی کچھ اورتھی وہ وہاں سے ہوکرآیاہے،مہمان نوازی مذہبی رواداری توعام ہے,"[-1.6126153469085693, -1.800287127494812, -1.9450428485870361, -2.1311752796173096, -2.559551477432251]"
urd_2d01c498656d414ff296c591c7220517,اگر پاکستان کو ترقی یافتہ بنانا ہے تو #ڈونکی_کنگ_استعفٰی_دو,1,1,1,1,1,urd,[LANG=urd] اگر پاکستان کو ترقی یافتہ بنانا ہے تو #ڈونکی_کنگ_استعفٰی_دو,"[0.9972321391105652, 0.11672013252973557, -0.11913827061653137, -0.24893629550933838, -0.2719751298427582]"
urd_811489fb5ef513772e5a62e60ac4e5de,عراق: شیعہ مساجد پر حملوں میں 15 ہلاک,1,0,1,0,0,urd,[LANG=urd] عراق: شیعہ مساجد پر حملوں میں 15 ہلاک,"[-1.469679594039917, -2.420419692993164, -2.1086483001708984, -2.619201421737671, -2.777519464492798]"
urd_826add17a461bf0aa5e0211ad3f3df99,ممکن ہے قذافی کسی بیرونی سازش کا شکار ہوا ہو- لیکن پاکستانی اپنے حکمرانوں کے اس سے کم کسی بھی انجام کو قبول نہیں کریں گے-,1,1,1,1,1,urd,[LANG=urd] ممکن ہے قذافی کسی بیرونی سازش کا شکار ہوا ہو- لیکن پاکستانی اپنے حکمرانوں کے اس سے کم کسی بھی انجام کو قبول نہیں کریں گے-,"[0.7474226355552673, -0.40994566679000854, -0.3080345690250397, -0.8563235998153687, -1.0422883033752441]"
urd_d8603a520e083e63e3bd412e7ffcb915,مارشل لا اور آئین کی پاسداری کےليے نام نہاد جج کوٹ پہنے بغیرمقدمہ سن لیتے ہیں دہشت گردی کےمقدے سننے کے لیۓ ان جہنمیوں کے پاس وقت نہیں ہوتا,1,1,1,1,1,urd,[LANG=urd] مارشل لا اور آئین کی پاسداری کےليے نام نہاد جج کوٹ پہنے بغیرمقدمہ سن لیتے ہیں دہشت گردی کےمقدے سننے کے لیۓ ان جہنمیوں کے پاس وقت نہیں ہوتا,"[2.120224952697754, 1.4789137840270996, 1.8580801486968994, 1.4866780042648315, 1.5613312721252441]"
urd_79324a6296a1f14ed06cda3b1fd1c3e2,اردو یونیورسٹی میں بیرونی مداخلت، تمام سربراہان کلیہ جات کی صدر مملکت سے سازشی عناصر کیخلاف کارروائی کی درخواست ننن @USER,0,0,0,0,0,urd,[LANG=urd] اردو یونیورسٹی میں بیرونی مداخلت، تمام سربراہان کلیہ جات کی صدر مملکت سے سازشی عناصر کیخلاف کارروائی کی درخواست ننن @USER,"[-0.543239176273346, -2.206291675567627, -1.6533808708190918, -2.7334165573120117, -2.4616599082946777]"
urd_c892146aa2c4e3e9bd2e66e5ba135503,جو تیس سال سے ایک کالا باغ ڈیم پر متفق نہیں ہوئے وہ تین ماہ میں یک جان دو قالب @USER #آج_سازش_نہیں_چلے_گی,0,0,0,0,0,urd,[LANG=urd] جو تیس سال سے ایک کالا باغ ڈیم پر متفق نہیں ہوئے وہ تین ماہ میں یک جان دو قالب @USER #آج_سازش_نہیں_چلے_گی,"[2.060918092727661, 1.4427440166473389, 1.3690284490585327, 1.5181976556777954, 1.2599124908447266]"
urd_94caa66e60bda56c34094fb99b336091,نواز اور زرداری کھا رھے ہیں مُلک کو تو کھانے دو، عمران کے باپ کا پیسہ نہیں ھے۔ قوم کا پیسہ ھے جو کہ ہے ہی منافق #آو_کیس_لٹکائیں Hamid Khan,1,0,0,0,0,urd,[LANG=urd] نواز اور زرداری کھا رھے ہیں مُلک کو تو کھانے دو، عمران کے باپ کا پیسہ نہیں ھے۔ قوم کا پیسہ ھے جو کہ ہے ہی منافق #آو_کیس_لٹکائیں Hamid Khan,"[2.2908031940460205, 1.4921104907989502, 1.4413989782333374, 1.2131764888763428, 1.3926186561584473]"
urd_5d641ecafd1fd8cfd2dfe362bb4ddecc,عمران خان غصے @USER میرا توشہ خانہ میری مرضی اینج تے فر اینج ای @USER,1,1,1,1,1,urd,[LANG=urd] عمران خان غصے @USER میرا توشہ خانہ میری مرضی اینج تے فر اینج ای @USER,"[1.9434341192245483, 0.9987192153930664, 0.7968695163726807, 0.91942298412323, 0.8732406497001648]"
urd_c74667f83e2051daf2e6a4f096b92e29,فلسطین کو ازاد کرو اسرائیل پھر کسی سے تعلقات کی خواہش کرو اے اللہ تباہ کردے اسرائیل امریکا اور انڈیا کو#UAEIsrael,1,1,1,1,1,urd,[LANG=urd] فلسطین کو ازاد کرو اسرائیل پھر کسی سے تعلقات کی خواہش کرو اے اللہ تباہ کردے اسرائیل امریکا اور انڈیا کو#UAEIsrael,"[2.306321620941162, 1.8983591794967651, 1.7192283868789673, 1.4647163152694702, 1.341479778289795]"
urd_7e4a352d70504aa8401ed63c661eeddf,میمو گیٹ کے کردار ڈان لیکس کے کردار یہ لوگ آرمی چیف کی تعیناتی کریں گے,1,0,0,0,0,urd,[LANG=urd] میمو گیٹ کے کردار ڈان لیکس کے کردار یہ لوگ آرمی چیف کی تعیناتی کریں گے,"[-0.2629811465740204, -2.1688480377197266, -1.7432650327682495, -1.9572298526763916, -1.8568884134292603]"
urd_ea15912718dc9b99d11bc19f63a1dfe9,"ڈٹ جاؤ نوازشریف۔ اگرآج دھاندلی، ماڈل ٹاؤن قتل عام اورکرپشن پرآپ نےاستعفی دیا توکل ایسی ہی""خدمات"" پر یہ ""خانہ بدوش"" ہم سےبھی استعفی مانگیں گے",1,1,0,0,0,urd,"[LANG=urd] ڈٹ جاؤ نوازشریف۔ اگرآج دھاندلی، ماڈل ٹاؤن قتل عام اورکرپشن پرآپ نےاستعفی دیا توکل ایسی ہی""خدمات"" پر یہ ""خانہ بدوش"" ہم سےبھی استعفی مانگیں گے","[1.9941935539245605, 0.5302218794822693, 0.5340864658355713, 0.8012173175811768, 0.5553841590881348]"
urd_5e3aebd3fc5c57169e949c3882f748eb,"""بلاول بھٹو نے ٹھیک کہا ہے کہ یہ پنجابستان کا بجٹ ہے ،الیاس بلور""",1,1,0,0,0,urd,"[LANG=urd] ""بلاول بھٹو نے ٹھیک کہا ہے کہ یہ پنجابستان کا بجٹ ہے ،الیاس بلور""","[-0.6924225091934204, -2.0761709213256836, -1.958274006843567, -2.5540640354156494, -2.7369351387023926]"
urd_ee4095ccfa9d3a46f190f8a8c954b5f6,ملت فروش، وطن فروش، ایمان فروش ملک کے حاکم قرار پائے - #امپورٹڈ_حکومت_نامنظور,1,0,0,0,0,urd,[LANG=urd] ملت فروش، وطن فروش، ایمان فروش ملک کے حاکم قرار پائے - #امپورٹڈ_حکومت_نامنظور,"[2.0426859855651855, 1.2509586811065674, 2.0844507217407227, 1.0968739986419678, 1.0900474786758423]"
urd_602a3fff455ba5a14a9da8cbf51ec794,پہلے ملک 1973کے ائین سے چلتاتھا اب خط سےچلتاہے پانامہ خط۔قطری خط۔امریکی خط اب شجاعت کا خط یہ ملک ہے یا ڈاکخانہ #مریم_کی_ضمانت_منسوخ_کرو,1,1,1,1,1,urd,[LANG=urd] پہلے ملک 1973کے ائین سے چلتاتھا اب خط سےچلتاہے پانامہ خط۔قطری خط۔امریکی خط اب شجاعت کا خط یہ ملک ہے یا ڈاکخانہ #مریم_کی_ضمانت_منسوخ_کرو,"[2.192074775695801, 1.5134098529815674, 1.6141759157180786, 1.4595005512237549, 1.5150772333145142]"
urd_123965a1b736e3a01e3ec5c5dbb83e1f,کوئی بھی چیز عوام کی توجہ کرپٹ مافیا سے ٣٠٠ بلین کا حساب لینے سے نہیں ہٹا سکتی، بابر اعوان @USER @URL,0,0,0,0,0,urd,[LANG=urd] کوئی بھی چیز عوام کی توجہ کرپٹ مافیا سے ٣٠٠ بلین کا حساب لینے سے نہیں ہٹا سکتی، بابر اعوان @USER @URL,"[1.734555721282959, 0.47547852993011475, 0.5673125386238098, 0.5531929135322571, 0.37649479508399963]"
urd_7f43bdf724c26138ce58a2afb9b2a907,فواد چوہدری صاحب کا اکاؤنٹ ہیک کرنے کی بیرونی سازش کو جلد بے نقاب کیا جائے گا۔,0,0,0,0,0,urd,[LANG=urd] فواد چوہدری صاحب کا اکاؤنٹ ہیک کرنے کی بیرونی سازش کو جلد بے نقاب کیا جائے گا۔,"[1.531496286392212, 0.5412514209747314, 0.7344059348106384, 0.16485555469989777, 0.3977912664413452]"
urd_662a783c948df672c505ae57687bd82f,#AdulterationlsHaraam ان کرپٹ مافیا کے اوپر کارؤائی ہونی چاہئے ۔ ھم اور جعلی دوائی کی خرید وفروخت برداشت نہیں کرینگے ۔ @USER,1,1,1,1,1,urd,[LANG=urd] #AdulterationlsHaraam ان کرپٹ مافیا کے اوپر کارؤائی ہونی چاہئے ۔ ھم اور جعلی دوائی کی خرید وفروخت برداشت نہیں کرینگے ۔ @USER,"[2.474264144897461, 1.0758429765701294, 1.3445122241973877, 1.1093473434448242, 1.279348373413086]"
urd_0e22fd46e977a9e87c0085560911a33a,ہر چینل ARY نہیں ہے کہ آپ امریکہ دورے کو بڑھا چڑھا کر پیش کرے دیکھو سلیکٹڈ وزیراعظم کا استقبال 😁😁😁😂😂😂😎😎😎 @URL,1,1,1,1,1,urd,[LANG=urd] ہر چینل ARY نہیں ہے کہ آپ امریکہ دورے کو بڑھا چڑھا کر پیش کرے دیکھو سلیکٹڈ وزیراعظم کا استقبال 😁😁😁😂😂😂😎😎😎 @URL,"[1.7267305850982666, 0.43612101674079895, 0.5620163083076477, 0.493650883436203, 0.6827427744865417]"
urd_6f27cd0b6f7e4324ec9791d1205d32ca,مریم اورنگزیب بھونکنا بند کرو فوج مخالف پراپر گنڈے مریم نواز کا میڈیا سیل کر رہا ہے ہم بے وقوف نہی @USER لوگ پرلے درجے کے دلال اور کنجر ہو,1,1,1,1,1,urd,[LANG=urd] مریم اورنگزیب بھونکنا بند کرو فوج مخالف پراپر گنڈے مریم نواز کا میڈیا سیل کر رہا ہے ہم بے وقوف نہی @USER لوگ پرلے درجے کے دلال اور کنجر ہو,"[2.593165636062622, 1.4127157926559448, 1.1566429138183594, 1.420559287071228, 1.4632266759872437]"
urd_408dc84696e4c4bd1e260560d4acbd66,انشاء اللہ نئے صدارتی نظام کو بھر پور سپورٹ کریں گے⁦✌️⁩⁦✌️⁩⁦✌️⁩⁦ #IK_president,1,1,1,1,1,urd,[LANG=urd] انشاء اللہ نئے صدارتی نظام کو بھر پور سپورٹ کریں گے⁦✌️⁩⁦✌️⁩⁦✌️⁩⁦ #IK_president,"[-0.010909865610301495, -1.1436961889266968, -1.0275546312332153, -1.4185831546783447, -1.8252314329147339]"
urd_2841b1f31c8f6bc2d92cb6860f6bdc94,آئین کی خلاف ورزی کرنیوالے کو سراہا جا رہا ہے، رضا ربانی تفصيلات جانئے: @URL #DailyJang @URL,0,0,0,0,0,urd,[LANG=urd] آئین کی خلاف ورزی کرنیوالے کو سراہا جا رہا ہے، رضا ربانی تفصيلات جانئے: @URL #DailyJang @URL,"[-2.0263025760650635, -2.0307886600494385, -2.288975954055786, -2.6534135341644287, -2.8749797344207764]"
urd_876fc7e8c5219b2bb516381b39a795ce,#جبهة_النصرة_اردو | #القلمون | #عید کے پہلے دن #القاعدہ مجاہدین کا رافضی ملیشیا #حزب_اللات پر اینٹی کرافٹ سے حملہ @URL,0,0,0,0,0,urd,[LANG=urd] #جبهة_النصرة_اردو | #القلمون | #عید کے پہلے دن #القاعدہ مجاہدین کا رافضی ملیشیا #حزب_اللات پر اینٹی کرافٹ سے حملہ @URL,"[-1.6942998170852661, -2.5890250205993652, -1.9434107542037964, -3.227522134780884, -3.4316203594207764]"
urd_df5008fbf97dc2f38179aed30c0c27c4,آصف علی افغانیوں کے دماغ پر چھایا ہوا تھا۔ انشاء اللہ اب  نسیم شاہ کو نہیں بھولیں گے۔ #PAKvAFG,0,0,0,0,0,urd,[LANG=urd] آصف علی افغانیوں کے دماغ پر چھایا ہوا تھا۔ انشاء اللہ اب  نسیم شاہ کو نہیں بھولیں گے۔ #PAKvAFG,"[1.4975686073303223, 1.3122659921646118, 1.014297366142273, 0.8161581158638, 0.8416879773139954]"
urd_2e1f9dc5bb5cd92a8941331461d4f410,جو جنوبی پنجاب صوبہ بنانے نکلے تھے انہوں نے جنوبی پنجاب کی ٹیم ہی psl سے باہر نکال دی😂😂😂,1,1,0,0,0,urd,[LANG=urd] جو جنوبی پنجاب صوبہ بنانے نکلے تھے انہوں نے جنوبی پنجاب کی ٹیم ہی psl سے باہر نکال دی😂😂😂,"[2.077810287475586, 1.3580085039138794, 1.070054531097412, 1.0468521118164062, 1.167262315750122]"
urd_0e0036a95be39aa63fff071f75fc8af0,گوادر بلوچوں کا میراث ہے. کسی کے باپ کاجاگیر نہیںکہ جو چائے کرلیں، #StopGwadarFencing,0,1,1,0,0,urd,[LANG=urd] گوادر بلوچوں کا میراث ہے. کسی کے باپ کاجاگیر نہیںکہ جو چائے کرلیں، #StopGwadarFencing,"[1.3414571285247803, 1.5674657821655273, 1.0249112844467163, 0.9481793642044067, 1.0107722282409668]"
urd_c553014ad533e00029c5babecf904bf1,#Prophet_of_Compassion جے یو آئی کے پلیٹ فورم سے ختم نبوت ناموس صحابہ مساجد اور مدارس کا دفاع کرتے رہینگے انشاءلله,0,0,0,0,0,urd,[LANG=urd] #Prophet_of_Compassion جے یو آئی کے پلیٹ فورم سے ختم نبوت ناموس صحابہ مساجد اور مدارس کا دفاع کرتے رہینگے انشاءلله,"[0.45215660333633423, -0.6152494549751282, 0.6222409009933472, -0.9656450748443604, -0.7856382131576538]"
urd_ab9b278263f8fcb338ea685af982f9d9,اگر ٹینک پرویز خٹک کے سائز کے ہوں تو ھم ٹینکوں کے آگے لیٹنے کو تیار ہیں🥺عمرانڈوز #AbsolutelyCHOR,1,1,1,1,1,urd,[LANG=urd] اگر ٹینک پرویز خٹک کے سائز کے ہوں تو ھم ٹینکوں کے آگے لیٹنے کو تیار ہیں🥺عمرانڈوز #AbsolutelyCHOR,"[1.7136931419372559, 0.35883691906929016, 0.6257939338684082, 0.36166009306907654, 0.5622290372848511]"
urd_21815e6aac94d19bb8ef96f850333a6e,گ۔س۔ت۔ا۔خ رسول کی ایک ہی سزا سر تن سے جدا سر تن سے جدا #محافظ_ناموس_رسالت_خادم_رضوی,1,1,1,1,1,urd,[LANG=urd] گ۔س۔ت۔ا۔خ رسول کی ایک ہی سزا سر تن سے جدا سر تن سے جدا #محافظ_ناموس_رسالت_خادم_رضوی,"[0.4388437867164612, -0.1300021857023239, 0.8982483148574829, -0.6184285879135132, -0.40064820647239685]"
urd_2c3c7e27e853b1cc160546bb831dd840,وہ دیسی لبرل اب کہاں ھیں او نا اب جواب دو خادم حسین صاحب کو اور ساتھ ساتھ بابا رحمتیں کو گالیاں دیں,1,0,1,0,0,urd,[LANG=urd] وہ دیسی لبرل اب کہاں ھیں او نا اب جواب دو خادم حسین صاحب کو اور ساتھ ساتھ بابا رحمتیں کو گالیاں دیں,"[2.5887999534606934, 1.5956792831420898, 1.7961591482162476, 1.5788532495498657, 1.6214911937713623]"
urd_0f00ca529e575bca6513766337035ecd,قادیانیوں کا سہولت کار یہود و نصاریٰ کا داماد عمران خان نیازی فتنہ #پاکستان_دشمن_ہوا_مسترد #پاکستان_دشمن_ہوا_مسترد,1,1,1,1,1,urd,[LANG=urd] قادیانیوں کا سہولت کار یہود و نصاریٰ کا داماد عمران خان نیازی فتنہ #پاکستان_دشمن_ہوا_مسترد #پاکستان_دشمن_ہوا_مسترد,"[2.367546558380127, 1.8729182481765747, 2.0839974880218506, 1.5993409156799316, 1.3990395069122314]"
urd_daa3fb180d466c290c292a2cde3e855e,عمران خان جب پاکستانی قوم پر مصلحت کیا گیا تھا وہ بیرونی سازش تھی اور یہ لیٹر بھی انہوں نے خود منگوایا ہو گا عدم اعتماد سے بچنے کے لیے,1,0,0,0,0,urd,[LANG=urd] عمران خان جب پاکستانی قوم پر مصلحت کیا گیا تھا وہ بیرونی سازش تھی اور یہ لیٹر بھی انہوں نے خود منگوایا ہو گا عدم اعتماد سے بچنے کے لیے,"[1.4432976245880127, 0.21243472397327423, 0.3013583719730377, 0.08969485759735107, 0.11822012066841125]"
urd_68de69f012a24edc92071a350e865483,مقامی میر جعفر میر صادق کے ساتھ ملکر باہر سے سازش کرکے منتخب حکومت کو ہٹایا گیا- عمران خان 🤣,0,0,0,0,0,urd,[LANG=urd] مقامی میر جعفر میر صادق کے ساتھ ملکر باہر سے سازش کرکے منتخب حکومت کو ہٹایا گیا- عمران خان 🤣,"[2.017185688018799, 1.2732106447219849, 1.608402967453003, 0.9530988931655884, 0.9822978973388672]"
urd_221662ad712d0497ecfd908b27eadabf,ملا ملحد سب اقتدار کی لونڈی کے دیوانے ہیں,1,0,1,0,0,urd,[LANG=urd] ملا ملحد سب اقتدار کی لونڈی کے دیوانے ہیں,"[2.0872135162353516, 1.8549035787582397, 2.472658395767212, 1.8692044019699097, 1.6824626922607422]"
urd_c029b310190f58d6066fa86c395418fd,تازہ ترین: برہان وانی کی پہلی برسی، بھارت بوکھلا گیا قابض فوج کو ریاستی دہشت گردی کی کھلی اجازت  بھارتی فوج نے پورا کشمیر یرغمال بنالیا 🍁🍁🍁🍁,1,1,1,1,1,urd,[LANG=urd] تازہ ترین: برہان وانی کی پہلی برسی، بھارت بوکھلا گیا قابض فوج کو ریاستی دہشت گردی کی کھلی اجازت  بھارتی فوج نے پورا کشمیر یرغمال بنالیا 🍁🍁🍁🍁,"[2.2847819328308105, 1.6396867036819458, 1.35281503200531, 1.1631343364715576, 1.0808165073394775]"
urd_e746ed6c1b3e49b1a0b74fb6ba9538cd,ڈان لیکس کیس سماعت کے لیے مقرر، یکم مارچ کو ابتدائی سماعت ہو گی,0,0,0,0,0,urd,[LANG=urd] ڈان لیکس کیس سماعت کے لیے مقرر، یکم مارچ کو ابتدائی سماعت ہو گی,"[-2.11936092376709, -2.618056297302246, -2.330878734588623, -2.7238881587982178, -3.054654836654663]"
urd_faed165099ea90ee754143eb96d48181,"اس جمہوری نظام نے عوام کو , لعنتیں بھیجنے پہ مجبور کیا۔ #تحفظ_پاکستان_صدارتی_نظام",1,0,0,0,0,urd,"[LANG=urd] اس جمہوری نظام نے عوام کو , لعنتیں بھیجنے پہ مجبور کیا۔ #تحفظ_پاکستان_صدارتی_نظام","[0.42384299635887146, -1.954372525215149, -1.4796470403671265, -2.129229784011841, -1.9638957977294922]"
urd_d50541597d58e1342fb4138be1be2cd4,اسرائیل نہتے فلسطنیوں پر پھر ٹوٹ پڑا #IsraeliAttackonAlAqsa,0,0,0,0,0,urd,[LANG=urd] اسرائیل نہتے فلسطنیوں پر پھر ٹوٹ پڑا #IsraeliAttackonAlAqsa,"[1.3750026226043701, 1.0054823160171509, 1.0908541679382324, 0.2547454237937927, 0.04847113788127899]"
urd_e74a22789039f3bc7213c11ebe807f99,کیا اب بھی کوئی کہے گا کہ قادیانیت کے خلاف کام کرنے کی ابھی تک کوئی ضرورت نہیں ؟؟؟؟ @USER,1,1,1,1,1,urd,[LANG=urd] کیا اب بھی کوئی کہے گا کہ قادیانیت کے خلاف کام کرنے کی ابھی تک کوئی ضرورت نہیں ؟؟؟؟ @USER,"[1.1515629291534424, 0.940062940120697, 1.1197528839111328, 0.35118183493614197, 0.659576416015625]"
urd_1efe64f490192e8a07c8f13fadc9dc12,جو میڈیا ہاوس ایسی نیوز کو چلاتا ھے۔ وہ بھی ملک سے غداری کر رہا ہے ۔,0,0,0,0,0,urd,[LANG=urd] جو میڈیا ہاوس ایسی نیوز کو چلاتا ھے۔ وہ بھی ملک سے غداری کر رہا ہے ۔,"[1.1925448179244995, -0.6222042441368103, 0.16917113959789276, -0.8403586745262146, 0.8486924767494202]"
urd_07c30bab38667b615df35bce2cafb13a,غریدہ شوبازشریف کا جمیعت سے اظہار یک جہتی ( بذریعہ شلوار ) @USER,1,1,1,1,1,urd,[LANG=urd] غریدہ شوبازشریف کا جمیعت سے اظہار یک جہتی ( بذریعہ شلوار ) @USER,"[0.608999490737915, -1.2603448629379272, -1.0841021537780762, -0.9391605257987976, -1.1666276454925537]"
urd_28386ea24902e13464a10db364743e08,وزیر خارجہ شاہ محمود، وزیر خزانہ جہانگیر ترین اور وزیر اطلاعات ہم جنس پرست شیریں مزاری کے ساتھ #عمران_بچائے_گا_پاکستان,1,0,1,1,0,urd,[LANG=urd] وزیر خارجہ شاہ محمود، وزیر خزانہ جہانگیر ترین اور وزیر اطلاعات ہم جنس پرست شیریں مزاری کے ساتھ #عمران_بچائے_گا_پاکستان,"[1.900895118713379, 1.0236519575119019, 0.8373237252235413, 1.1584689617156982, 0.8767894506454468]"
urd_89ec0054514c29fe8b6c5d83035e0459,"پاک افغان بارڈر پر باڑ لگانے کے دوران ہمارے جتنے جوان شہید ہوئے ان سے پاکستان کی نیشنیلٹی واپس لے کر ""افغان مہاجرین"" کو دی جائے۔ @USER",1,1,1,1,1,urd,"[LANG=urd] پاک افغان بارڈر پر باڑ لگانے کے دوران ہمارے جتنے جوان شہید ہوئے ان سے پاکستان کی نیشنیلٹی واپس لے کر ""افغان مہاجرین"" کو دی جائے۔ @USER","[1.4879539012908936, 1.2412809133529663, 0.6272655725479126, 0.990059494972229, 0.6869475245475769]"
urd_a5e50206c687a20cd0535b09dd12d850,@USER سو گارڈ فادر ایز این اڈیالہ 😂😁 آل تھری ایٹ دیئر فائل ریزارٹ!,1,1,1,1,1,urd,[LANG=urd] @USER سو گارڈ فادر ایز این اڈیالہ 😂😁 آل تھری ایٹ دیئر فائل ریزارٹ!,"[1.4164276123046875, 0.6187314391136169, 0.31045135855674744, 0.6402335166931152, 0.4081539511680603]"
urd_d3957d49bb81cbbfe408d9febc3f6e71,بھارتی فلم انڈسٹری میں شہرت والی اداکارہ پریانکا چوپڑا نے حالیہ انٹرویو میں انکشاف کیا ہے کہ انھیں امریکا میں نسلی تعصب کا نشانہ بنایا گیا,0,0,0,0,0,urd,[LANG=urd] بھارتی فلم انڈسٹری میں شہرت والی اداکارہ پریانکا چوپڑا نے حالیہ انٹرویو میں انکشاف کیا ہے کہ انھیں امریکا میں نسلی تعصب کا نشانہ بنایا گیا,"[-0.5236483216285706, -1.430426836013794, -1.4981492757797241, -1.2968958616256714, -1.4047529697418213]"
urd_4ce261bfd337b8aef44a60124d87ccce,فرقہ پرستی کا زہر ذہنوں کو اس قدر مسموم کر چکا ہے کہ دوسروں کی خوبیوں سے استفادے اور اعتراف کی توفیق سلب ہو گئی ہے!,0,0,0,0,0,urd,[LANG=urd] فرقہ پرستی کا زہر ذہنوں کو اس قدر مسموم کر چکا ہے کہ دوسروں کی خوبیوں سے استفادے اور اعتراف کی توفیق سلب ہو گئی ہے!,"[-0.6268588304519653, -0.9795830249786377, 0.6284254789352417, -1.5072921514511108, -1.1357553005218506]"
urd_65c4ca84bcf3d327096395dff0188850,ایک طرف عمران خان اکیلا کهڑا ہےاور دوسری طرف سارے ضمیر فروش کرپٹ سیاستدان کهڑے ہیں اللہ عمران خان اور پاکستان کو عزت دے اور کامیاب کرے۔آمین,1,1,1,1,1,urd,[LANG=urd] ایک طرف عمران خان اکیلا کهڑا ہےاور دوسری طرف سارے ضمیر فروش کرپٹ سیاستدان کهڑے ہیں اللہ عمران خان اور پاکستان کو عزت دے اور کامیاب کرے۔آمین,"[2.2806763648986816, 1.7587062120437622, 1.8622347116470337, 1.7297487258911133, 1.7037458419799805]"
urd_bf94ea14a979ae7dd4507975a9190853,اف کتنی مہنگائی ھو گئی ۔ نیا یوتھیا مہنگائی تو عالمی مسٸلہ ھے ۔ پرانا یوتھیا😂😄,1,1,1,1,1,urd,[LANG=urd] اف کتنی مہنگائی ھو گئی ۔ نیا یوتھیا مہنگائی تو عالمی مسٸلہ ھے ۔ پرانا یوتھیا😂😄,"[2.205352306365967, 1.519055962562561, 1.4875327348709106, 1.171032428741455, 1.6741385459899902]"
urd_5d104c389ff13119128d4594f86a9158,برطانیہ کی تباہ کن معیشت کو اُٹھانےکے لئیے باجوہ ڈاکٹرائن کی نقل کرنے پہ حکومت کا غور ۔ ذرائع   #مثبت_رپورٹنگ,1,1,1,1,1,urd,[LANG=urd] برطانیہ کی تباہ کن معیشت کو اُٹھانےکے لئیے باجوہ ڈاکٹرائن کی نقل کرنے پہ حکومت کا غور ۔ ذرائع   #مثبت_رپورٹنگ,"[-1.2642567157745361, -2.349851369857788, -2.351407766342163, -2.6676032543182373, -2.426347494125366]"
urd_ed5f58bc2b05d9965148b7463aca303d,مشرف کے خلاف اچھا فیصلہ آیا لیکن یوں اچانک فیصلہ سنانا بھی دال میں کچھ کالا ہے۔عوام کی توجہ کالے کوٹ والے دہشتگردوں سے ہٹا دی گئی,1,1,1,1,1,urd,[LANG=urd] مشرف کے خلاف اچھا فیصلہ آیا لیکن یوں اچانک فیصلہ سنانا بھی دال میں کچھ کالا ہے۔عوام کی توجہ کالے کوٹ والے دہشتگردوں سے ہٹا دی گئی,"[1.1298165321350098, -0.1354270875453949, 0.15460394322872162, -0.4142630696296692, -0.23349995911121368]"
urd_e67185738b78862c493c629473714922,خدا کی قسم اگر پیلی وردی والے نکال لیں پیچھے 750 بھی نہیں بچتے 😂😂#ناکام_ہوا_فسادی_مارچ,1,1,1,1,1,urd,[LANG=urd] خدا کی قسم اگر پیلی وردی والے نکال لیں پیچھے 750 بھی نہیں بچتے 😂😂#ناکام_ہوا_فسادی_مارچ,"[2.1767468452453613, 1.599995493888855, 1.7912553548812866, 1.608099102973938, 1.3483439683914185]"
urd_c494f023c9287a63195f916564b86ba5,#ReleaseAliWazirMohsinDawar پشتونوں کے دلوں پر راج کرنے والے آرہے ھے,1,1,0,0,0,urd,[LANG=urd] #ReleaseAliWazirMohsinDawar پشتونوں کے دلوں پر راج کرنے والے آرہے ھے,"[-1.2141973972320557, -1.8842459917068481, -1.8371814489364624, -3.197650671005249, -2.758692741394043]"
urd_e4845b33700698ff0ed8e1b900f1e9d7,"۔"" تحفظ ناموس رسالت ﷺ ہر صاحب ایمان کے دل کی آواز ہے  #یوم_تحفظ_ختم_نبوت",0,0,0,0,0,urd,"[LANG=urd] ۔"" تحفظ ناموس رسالت ﷺ ہر صاحب ایمان کے دل کی آواز ہے  #یوم_تحفظ_ختم_نبوت","[-1.9116945266723633, -2.8557772636413574, -1.7574280500411987, -3.16409969329834, -3.2941884994506836]"
urd_d54789ccd3464218deb0880445340615,#BalochistanAgainstIndia خالصتان تحریک سے بوکھلا کر انڈیا بلوچستان کے بارے میں پراپیگنڈا کر کے پاکستان ان کو بدنام کرنے کی کوشش کر رہا ہے,1,1,1,1,1,urd,[LANG=urd] #BalochistanAgainstIndia خالصتان تحریک سے بوکھلا کر انڈیا بلوچستان کے بارے میں پراپیگنڈا کر کے پاکستان ان کو بدنام کرنے کی کوشش کر رہا ہے,"[2.046276092529297, 1.7269452810287476, 1.6320072412490845, 1.4917430877685547, 1.499119520187378]"
urd_3f00870a834f43c1967b13f9f3b67cd3,پھر کہتے ہیں کرپٹ سیاستدان اس ملک کو کھا گئے۔ ہندوستان میں ہم سے زیادہ کرپشن ہوتی ہے لیکن وہاں ادارے مضبوط ہیں۔ اور ملک ترقی کر رہا ہے,1,1,1,1,1,urd,[LANG=urd] پھر کہتے ہیں کرپٹ سیاستدان اس ملک کو کھا گئے۔ ہندوستان میں ہم سے زیادہ کرپشن ہوتی ہے لیکن وہاں ادارے مضبوط ہیں۔ اور ملک ترقی کر رہا ہے,"[1.78626549243927, 0.7819620966911316, 0.9869107007980347, 0.6982446908950806, 0.9065545201301575]"
urd_f4e8054edd5bb6c46e4f1dca8409d327,منافقین کی پہچان مفتاح اسماعیل مرتد کی بکواس پر چپ رہنے والے اصل میں منافقین ہیں #امپورٹڈ_حکومت_نامنظور 🇵🇰🇨🇦,1,1,1,1,1,urd,[LANG=urd] منافقین کی پہچان مفتاح اسماعیل مرتد کی بکواس پر چپ رہنے والے اصل میں منافقین ہیں #امپورٹڈ_حکومت_نامنظور 🇵🇰🇨🇦,"[2.4285056591033936, 1.5126923322677612, 2.0814993381500244, 0.9629477858543396, 1.2816264629364014]"
urd_33a92021963576b72ea8e4fc52fa8753,گستاخ رسول اللہ صلى علیہ والہ وسلم پر لعنت ہو #WeLoveMuhammadPBUH,0,0,1,0,0,urd,[LANG=urd] گستاخ رسول اللہ صلى علیہ والہ وسلم پر لعنت ہو #WeLoveMuhammadPBUH,"[0.04662521556019783, -0.10708121210336685, 0.4874776005744934, -0.4318230450153351, -0.2622191309928894]"
urd_83a86d4bd30edcfb47fa5a1bf09d8164,کالے کوٹ والے دہشت گرد ہیں، پاکستانی بیرونی محاذ پر لڑیں یا پھر ان دہشت گردوں سے #کالا_کوٹ_دہشتگردی_کی_علامت,0,0,0,0,0,urd,[LANG=urd] کالے کوٹ والے دہشت گرد ہیں، پاکستانی بیرونی محاذ پر لڑیں یا پھر ان دہشت گردوں سے #کالا_کوٹ_دہشتگردی_کی_علامت,"[0.603563129901886, -0.2585236728191376, -0.22666797041893005, -0.8806082010269165, -0.8236273527145386]"
urd_e553f91550cd03e685a6ae8fe740b180,ہم جنس پرستی کی وجہ سے اللّٰہ پاک نے قوموں پر عذاب نازل کیا  #بیہودہ_بل_واپس_لو,1,1,1,1,1,urd,[LANG=urd] ہم جنس پرستی کی وجہ سے اللّٰہ پاک نے قوموں پر عذاب نازل کیا  #بیہودہ_بل_واپس_لو,"[1.818400263786316, 1.8454474210739136, 2.0831618309020996, 2.0054571628570557, 1.5571165084838867]"
urd_95cc169bcf96ed8b00133523102f3e72,حکومت وقت گستاخ صحابہ رضی اللہ تعالی کو فی الفور گرفتار کر کے قرار واقعی سزا دے #گستاخِ_معاویہؓ_کوگرفتارکرو,1,1,1,1,1,urd,[LANG=urd] حکومت وقت گستاخ صحابہ رضی اللہ تعالی کو فی الفور گرفتار کر کے قرار واقعی سزا دے #گستاخِ_معاویہؓ_کوگرفتارکرو,"[2.4112818241119385, 1.6320959329605103, 2.0285820960998535, 1.3693022727966309, 1.3396199941635132]"
urd_aa686bf2492e8c0b0a8f458bc51c62ba,واہ کیا تعریف کی جائے سلیکٹرز کی کیسی زبردست ٹیم بنائی ہے سبحان اللّہ,0,0,0,0,0,urd,[LANG=urd] واہ کیا تعریف کی جائے سلیکٹرز کی کیسی زبردست ٹیم بنائی ہے سبحان اللّہ,"[-1.8006670475006104, -2.203967571258545, -2.3090388774871826, -2.5569469928741455, -2.756307601928711]"
urd_98334266b69e322641f5f272b1459770,پاکستان کا وفاقی وزیر سردار محمد یعقوب ٹی وی پر بیٹھ کر یہ کہہ رہا ہے کہ پاکستان واحد ملک ہے جہاں مکمل مذہبی آزادی حاصل ہے 😂,0,0,0,0,0,urd,[LANG=urd] پاکستان کا وفاقی وزیر سردار محمد یعقوب ٹی وی پر بیٹھ کر یہ کہہ رہا ہے کہ پاکستان واحد ملک ہے جہاں مکمل مذہبی آزادی حاصل ہے 😂,"[1.8470978736877441, 0.7144908308982849, 1.5315706729888916, 0.8694925308227539, 0.6116229295730591]"
urd_43437f9acea49d993f5ce49640d4d970,لاہور:بلاامتیاز انسانی حقوق کا تحفظ اسلامی معاشرے کی پہچان ہے،شہبازشریف,0,0,0,0,0,urd,[LANG=urd] لاہور:بلاامتیاز انسانی حقوق کا تحفظ اسلامی معاشرے کی پہچان ہے،شہبازشریف,"[-2.0493054389953613, -2.358914852142334, -2.3416330814361572, -2.9293625354766846, -3.1549723148345947]"
urd_95302730b79a31c2f15f17bdee3c1590,آج نتائج کے اعلان کے بعد اچار پارٹیاں جو سیٹ جیت جائینگے اسے عوامی فیصلہ کہینگے، جو ہار گئے وہ وردی والوں کی دھاندلی😁😂😂,1,0,0,0,0,urd,[LANG=urd] آج نتائج کے اعلان کے بعد اچار پارٹیاں جو سیٹ جیت جائینگے اسے عوامی فیصلہ کہینگے، جو ہار گئے وہ وردی والوں کی دھاندلی😁😂😂,"[2.2244529724121094, 1.4496963024139404, 1.614399790763855, 1.465530276298523, 1.3662817478179932]"
urd_a38a569b4cd272ee4084dbe7ff6a2adf,امپورٹڈ حکومت نامنظور امپورٹڈ خنزیر اعظم نامنظور امپورٹڈ بوٹ پالشی نامنظور,1,0,0,0,0,urd,[LANG=urd] امپورٹڈ حکومت نامنظور امپورٹڈ خنزیر اعظم نامنظور امپورٹڈ بوٹ پالشی نامنظور,"[2.5241761207580566, 1.4039403200149536, 1.2719584703445435, 1.3055031299591064, 1.2494601011276245]"
urd_82aff288cf6b4844ed93be525b0383c5,ملک کو تباہ کرنے والا فتنہ خان نیازی #حقیقی_فراڈیا,1,0,0,0,0,urd,[LANG=urd] ملک کو تباہ کرنے والا فتنہ خان نیازی #حقیقی_فراڈیا,"[2.265908718109131, 1.3608002662658691, 1.7489103078842163, 1.127817988395691, 1.307460904121399]"
urd_2a0862d4a8bb711f464401d688af07f8,#WhyOnlyMusharraf اگرمشرف بھی کرپشن میں ملوث ہوتے توآج اکثر برساتی کرپٹ سیاستدان ان کے ساتھ کھڑے ہوتے،مشرف کا جرم حب الوطنی و ایمانداری ہے,0,0,0,0,0,urd,[LANG=urd] #WhyOnlyMusharraf اگرمشرف بھی کرپشن میں ملوث ہوتے توآج اکثر برساتی کرپٹ سیاستدان ان کے ساتھ کھڑے ہوتے،مشرف کا جرم حب الوطنی و ایمانداری ہے,"[1.95662260055542, 1.2146999835968018, 1.0433202981948853, 0.9693876504898071, 0.7900620698928833]"
urd_a8d2e212a7742675ab96d03d24e050f8,شریف خاندان کی دبئی میں سرمایہ کاری بے نامی تھی، نعیم بخاری,0,0,0,0,0,urd,[LANG=urd] شریف خاندان کی دبئی میں سرمایہ کاری بے نامی تھی، نعیم بخاری,"[1.207026720046997, -0.024953024461865425, -0.22630855441093445, -0.2883498966693878, -0.1908327043056488]"
urd_a355579618c934d749f3712eb939f5e2,اب نیوٹرلز کو باقاعدہ سیاست کا اعلان کر دینا چاہیے۔,1,1,1,1,1,urd,[LANG=urd] اب نیوٹرلز کو باقاعدہ سیاست کا اعلان کر دینا چاہیے۔,"[2.246042251586914, 1.836450457572937, 1.9119528532028198, 1.5960294008255005, 1.6078128814697266]"
urd_7d5af39143fadc2cabc7b43836fff832,خونی لبرلز بھی خان کو سنتے ہوئے رنگے ہاتھوں پکڑے گئے #امپوررٹڈ_حکومت_نامنظور,1,1,1,1,1,urd,[LANG=urd] خونی لبرلز بھی خان کو سنتے ہوئے رنگے ہاتھوں پکڑے گئے #امپوررٹڈ_حکومت_نامنظور,"[2.5261120796203613, 1.595760703086853, 1.5756291151046753, 1.3183844089508057, 1.3393269777297974]"
urd_fc4150bc0394d7ab29486bf9ce05821b,میں گواہی دیتاہوں مرزا غلام احمد قادیانی ملعون زندیق خنزیردجال کافرکذاب ہے اسکے تمام ماننے والےکافر اور دائرہ اسلام سے خارج ہیں,1,1,1,1,1,urd,[LANG=urd] میں گواہی دیتاہوں مرزا غلام احمد قادیانی ملعون زندیق خنزیردجال کافرکذاب ہے اسکے تمام ماننے والےکافر اور دائرہ اسلام سے خارج ہیں,"[1.310879111289978, 1.5099396705627441, 2.150423526763916, 1.1902415752410889, 1.315183401107788]"
urd_b2429ab615512635c7321a08027b31eb,خدارا ان پشتونوں کو بخش دیں سب دہشت گرد نہیں ہیں، غلام بلور,0,0,0,0,0,urd,[LANG=urd] خدارا ان پشتونوں کو بخش دیں سب دہشت گرد نہیں ہیں، غلام بلور,"[-1.5410656929016113, -1.6193922758102417, -1.9695807695388794, -2.5121490955352783, -2.688659429550171]"
urd_375d61b66633207480cabba804a5eafd,آزادی مارچ کو ہائی جیک کرنے کی کوشش کی جا رہی ہے. واضح رہے کہ تحریک انصاف کا آزادی مارچ آئین و قانون کے دائرے میں ہے. #AzadiMarchPTI #PTI,1,1,1,1,1,urd,[LANG=urd] آزادی مارچ کو ہائی جیک کرنے کی کوشش کی جا رہی ہے. واضح رہے کہ تحریک انصاف کا آزادی مارچ آئین و قانون کے دائرے میں ہے. #AzadiMarchPTI #PTI,"[0.9660288691520691, -0.5561350584030151, -0.08142821490764618, -0.5253972411155701, -0.7774460911750793]"
urd_574d0da570f5049d4aa58f29cd2c3bdc,"ساری زندگی مطالعہ پاکستان پڑھ پڑھ کر فول بنتے رہے، اب کہا جا رہا ہے ""اپریل فول"" منانا ٹھیک نہیں۔ #ٹوٹ_بٹوٹ",0,0,0,0,0,urd,"[LANG=urd] ساری زندگی مطالعہ پاکستان پڑھ پڑھ کر فول بنتے رہے، اب کہا جا رہا ہے ""اپریل فول"" منانا ٹھیک نہیں۔ #ٹوٹ_بٹوٹ","[0.32569849491119385, -1.1755958795547485, -1.2120026350021362, -0.8509114980697632, -0.9817449450492859]"
urd_c7ae2e0517b071feb2937615b394d5e1,کوئی مجھے بتا سکتا ہے کہ پاکستان کے اندرونی معاملات میں بیرونی مداخلات اور بیرونی سازش میں کیا فرق ہے؟؟ #امپورٹڈ_حکومت_نامنظور,0,0,0,0,0,urd,[LANG=urd] کوئی مجھے بتا سکتا ہے کہ پاکستان کے اندرونی معاملات میں بیرونی مداخلات اور بیرونی سازش میں کیا فرق ہے؟؟ #امپورٹڈ_حکومت_نامنظور,"[1.9448078870773315, 0.9164841771125793, 0.7952746152877808, 0.8102201819419861, 0.813066840171814]"
urd_97306aa1f4939ece57903ae2f2d0a7e5,ہمارا مقصد کرپٹ مافیا سے اقتدار چھین کر عوام کو منتقل کرنا ہے، اس سے کم کوئی گارنٹی اور مداخلت قبول نہیں۔ #Revolution #DrQadri #Pakistan,1,1,1,1,1,urd,[LANG=urd] ہمارا مقصد کرپٹ مافیا سے اقتدار چھین کر عوام کو منتقل کرنا ہے، اس سے کم کوئی گارنٹی اور مداخلت قبول نہیں۔ #Revolution #DrQadri #Pakistan,"[1.3693089485168457, 0.3078558146953583, 0.5343560576438904, 0.3294498324394226, 0.10684968531131744]"
urd_176b160c26e1459634f68ec331598024,#TLPMarchAgainstFrance ہمارے ہیرو ہمارے سر کے تاج ناموس رسالت صلی اللہ علیہ وآلہ وسلم کے محافظین,0,0,0,0,0,urd,[LANG=urd] #TLPMarchAgainstFrance ہمارے ہیرو ہمارے سر کے تاج ناموس رسالت صلی اللہ علیہ وآلہ وسلم کے محافظین,"[-0.9304555058479309, -2.505436897277832, -1.4447157382965088, -2.930562734603882, -2.75288462638855]"
urd_32ab4b4dc5b53d5d275e15fa657437c4,قوم یوتھ اور قومِ لوط میں کیا فرق ھے؟ دونوں ھی چوتیۓ ھیں,1,1,1,1,1,urd,[LANG=urd] قوم یوتھ اور قومِ لوط میں کیا فرق ھے؟ دونوں ھی چوتیۓ ھیں,"[2.3079936504364014, 1.9318394660949707, 2.0853793621063232, 1.5261321067810059, 1.6756089925765991]"
urd_9d377406fbd30cd4a4ea412ec62aeb26,' ⭕ خبــــردار @URL کوئی مـرزائیوں قادیانیوں کو احمدی نہ کہے @URL احمدی ھم ھیں احمـدی مسلمـان ھیں کیونکہ حضـور خاتم النبیینﷺ نے اپنا نام احمد خود بیان فرمایا ھے @URL #قادیانی_دنیاکابدترین_کافر,1,1,1,1,1,urd,[LANG=urd] ' ⭕ خبــــردار @URL کوئی مـرزائیوں قادیانیوں کو احمدی نہ کہے @URL احمدی ھم ھیں احمـدی مسلمـان ھیں کیونکہ حضـور خاتم النبیینﷺ نے اپنا نام احمد خود بیان فرمایا ھے @URL #قادیانی_دنیاکابدترین_کافر,"[0.7684535384178162, 0.37523236870765686, 1.212389588356018, -0.27605006098747253, 0.048965469002723694]"
urd_6620992243dc62c1253d1bcab616c51e,جنوبی پنجاب صوبہ بنانے سے زیادہ ڈیم کی ضرورت ھے جو جنوبی پنجاب کی بنیادی ضرورت ھے یہ کسی جماعت کے  ایجنڈے میں شامل… @USER,0,0,0,0,0,urd,[LANG=urd] جنوبی پنجاب صوبہ بنانے سے زیادہ ڈیم کی ضرورت ھے جو جنوبی پنجاب کی بنیادی ضرورت ھے یہ کسی جماعت کے  ایجنڈے میں شامل… @USER,"[1.249720573425293, -0.4820798337459564, -0.2929982542991638, -0.6881398558616638, -0.35592174530029297]"
urd_6f7cdd8ebfb7c50ce1f2d207941fca75,ایک ان پڑھ جیالا لاکھوں پڑھے لکھے یوتھیوں سے بہتر ہے فرمان بلڈی,1,0,0,0,0,urd,[LANG=urd] ایک ان پڑھ جیالا لاکھوں پڑھے لکھے یوتھیوں سے بہتر ہے فرمان بلڈی,"[2.07031512260437, 1.8311139345169067, 1.8343855142593384, 1.8739047050476074, 1.6393499374389648]"
urd_be94aa9178ca2573b3aea2aa31c8827a,ImranKhanPTI بانئ پاکستان نے ملک میں بسنے والی اقلیتوں کو مکمل مذہبی آزادی اور تحفظ کی ضمانت دی تھی،   ImranKhanPTI,0,0,0,0,0,urd,[LANG=urd] ImranKhanPTI بانئ پاکستان نے ملک میں بسنے والی اقلیتوں کو مکمل مذہبی آزادی اور تحفظ کی ضمانت دی تھی،   ImranKhanPTI,"[-1.8504277467727661, -2.4115262031555176, -2.3842873573303223, -2.7430150508880615, -3.085815668106079]"
urd_d1d0f1f9f4516f363c43aa53df21d999,عوام کا مینڈیٹ سرعام خریدا اور بیچا جا رہا ہے عدالت سو موٹو لے چیف جسٹس پاکستان,0,0,0,0,0,urd,[LANG=urd] عوام کا مینڈیٹ سرعام خریدا اور بیچا جا رہا ہے عدالت سو موٹو لے چیف جسٹس پاکستان,"[0.8909546732902527, -0.16267172992229462, 0.1228950247168541, -0.2624691128730774, -0.0755453109741211]"
urd_ef6e322e070766af979289cd83769ca8,اس قدر رویا میں سن کے داستان کربلا میں تو ہندو ہی رہا، آنکھیں حسینی ہو گئ -- ہندو شاعر #HussainSabKa,0,0,0,0,0,urd,[LANG=urd] اس قدر رویا میں سن کے داستان کربلا میں تو ہندو ہی رہا، آنکھیں حسینی ہو گئ -- ہندو شاعر #HussainSabKa,"[-1.622373342514038, -2.076608657836914, -1.8873943090438843, -2.9314186573028564, -3.1405622959136963]"
urd_cb7d2ddb9b3de1eedd5d05b91ec5beb5,عمران نہ ہوتا شاہد اب یہ کرپٹ مافیا ملک کو بھیج کر فرار ہو چکےُ ہوتے #ایک_ہار_جنون_نہیں_مٹاتی @USER,1,0,0,0,0,urd,[LANG=urd] عمران نہ ہوتا شاہد اب یہ کرپٹ مافیا ملک کو بھیج کر فرار ہو چکےُ ہوتے #ایک_ہار_جنون_نہیں_مٹاتی @USER,"[1.6277284622192383, 0.6190333962440491, 0.8045533895492554, 0.5355993509292603, 0.5805704593658447]"
urd_64c117298d0741b6050187254a854a9b,وزیراعظم غریبوں کیلئے ملکی تاریخ کا سب سے بڑا ریلیف پیکیج دے رہے ہیں۔ اٹھارویں ترمیم کا ڈھنڈورا پیٹنے والے نہ جانے کہاں غائب ہیں ۔ #NBC,1,1,1,1,1,urd,[LANG=urd] وزیراعظم غریبوں کیلئے ملکی تاریخ کا سب سے بڑا ریلیف پیکیج دے رہے ہیں۔ اٹھارویں ترمیم کا ڈھنڈورا پیٹنے والے نہ جانے کہاں غائب ہیں ۔ #NBC,"[0.9853002429008484, -0.30148687958717346, 0.040243204683065414, -0.4936217963695526, -0.43688148260116577]"
urd_777c44c6c7fe054cb180639771950b46,پی پی کبھی سرائیکی صوبہ نہیں بننے دے گی کیونکہ پھر ایم کیو ایم کا کراچی صوبے بنانے کے مطالبہ سامنے آسکتا @USER کلاسرہ @USER,0,0,0,0,0,urd,[LANG=urd] پی پی کبھی سرائیکی صوبہ نہیں بننے دے گی کیونکہ پھر ایم کیو ایم کا کراچی صوبے بنانے کے مطالبہ سامنے آسکتا @USER کلاسرہ @USER,"[0.9877248406410217, -0.2521016299724579, 0.10264584422111511, -0.41574612259864807, -0.5621951222419739]"
urd_642c92e2826e6937ce7228cb70768a13,ھمدردنیوز: دہشت گردی،انتہاپسندی،عسکریت پسندی،فرقہ واریت کےخاتمےکےعزم کااعادہ,0,0,0,0,0,urd,[LANG=urd] ھمدردنیوز: دہشت گردی،انتہاپسندی،عسکریت پسندی،فرقہ واریت کےخاتمےکےعزم کااعادہ,"[-2.380805253982544, -2.573225736618042, -2.2246787548065186, -3.0171966552734375, -3.6092541217803955]"
urd_705af191f47a496ea0df79e71b1eb8dc,پاکستان میں بیرونی مداخلت کی اجازت ہے اور وہ کوئی بھی دوسرا ملک کر سکتا ہے، لیکن سازش کی اجازت نہیں دی جائے گی۔😜😜😜😜😜,1,1,1,1,1,urd,[LANG=urd] پاکستان میں بیرونی مداخلت کی اجازت ہے اور وہ کوئی بھی دوسرا ملک کر سکتا ہے، لیکن سازش کی اجازت نہیں دی جائے گی۔😜😜😜😜😜,"[-0.022427460178732872, -1.3277995586395264, -1.1754639148712158, -1.9241752624511719, -1.7592684030532837]"
urd_b1447184ba77a6f3301e17f3b8deeb29,#بےنمازی_کو_جہنم_میں_عذاب سب سے بڑا گستاخ نبی علیہ السلام کا وہ ہے جو کلمہ پڑھتا ہے لیکن نماز نہیں پڑھتا 😢😢😢 #نماز_قائم_کرو,1,1,1,1,1,urd,[LANG=urd] #بےنمازی_کو_جہنم_میں_عذاب سب سے بڑا گستاخ نبی علیہ السلام کا وہ ہے جو کلمہ پڑھتا ہے لیکن نماز نہیں پڑھتا 😢😢😢 #نماز_قائم_کرو,"[1.2672874927520752, 0.9094499945640564, 1.9956717491149902, 1.1710270643234253, 1.1102111339569092]"
urd_ecbfb9eedec18643b920fdede5e82c95,چاہ بہار میں بھارتی ایجنٹ ’’راکیش عرف رضوان‘‘وہاں ’’را‘‘ کا سیکنڈ ان کمانڈ ہے، ذرائع,0,0,0,0,0,urd,[LANG=urd] چاہ بہار میں بھارتی ایجنٹ ’’راکیش عرف رضوان‘‘وہاں ’’را‘‘ کا سیکنڈ ان کمانڈ ہے، ذرائع,"[-1.041862964630127, -2.6280009746551514, -1.9403775930404663, -2.9994919300079346, -2.9405548572540283]"
urd_165a9f80a82e34ac6b73201924d68fd4,شیرو! ووٹ کو عزت دو! کی ٹی شرٹ تیار رکھو! الیکشن 2018 ستر سال سےجاری اسٹبلشمنٹ اور اینٹی اسٹبلشمنٹ کےدرمیان آخری فیصلہ کن مارکہ ھے,1,1,1,1,1,urd,[LANG=urd] شیرو! ووٹ کو عزت دو! کی ٹی شرٹ تیار رکھو! الیکشن 2018 ستر سال سےجاری اسٹبلشمنٹ اور اینٹی اسٹبلشمنٹ کےدرمیان آخری فیصلہ کن مارکہ ھے,"[2.310114622116089, 1.1169322729110718, 1.4458180665969849, 1.2809531688690186, 1.372267246246338]"
urd_93e297da9f2edb6f97481cce389a18bd,“@USER: شیخ رشید جی ایچ کیو کی خفیہ باتیں سنتے ہوےٴ @USER,1,0,0,0,0,urd,[LANG=urd] “@USER: شیخ رشید جی ایچ کیو کی خفیہ باتیں سنتے ہوےٴ @USER,"[0.22832922637462616, -1.248381495475769, -1.0822771787643433, -1.7669012546539307, -1.5482136011123657]"
urd_300948f10af0e039d471d6390a96516c,عوام کا مینڈیٹ چوری نہیں ہونے دیں @USER مولانا فضل الرحمن صاحب #Selection2018Rejected,1,0,0,0,0,urd,[LANG=urd] عوام کا مینڈیٹ چوری نہیں ہونے دیں @USER مولانا فضل الرحمن صاحب #Selection2018Rejected,"[-0.3777705132961273, -2.356301784515381, -1.664104700088501, -2.500349998474121, -2.8010315895080566]"
urd_adf9655b524ea95f4699e12118b89a07,"اسٹبلشمنٹ نے مجھے آپشنز دیے کہ استعفیٰ دو, الیکشن میں جائے یا پھر عدم اعتماد سے باہر ہوجاؤ, عمران خان 😱",0,0,0,0,0,urd,"[LANG=urd] اسٹبلشمنٹ نے مجھے آپشنز دیے کہ استعفیٰ دو, الیکشن میں جائے یا پھر عدم اعتماد سے باہر ہوجاؤ, عمران خان 😱","[1.1873067617416382, -0.5210855603218079, -0.2323528379201889, -0.4618763029575348, -0.9180471301078796]"
urd_c4927453f42fd03f518d357de2950153,آر ٹی ایس سسٹم 9 بجے بند ہو جائے گا,0,0,0,0,0,urd,[LANG=urd] آر ٹی ایس سسٹم 9 بجے بند ہو جائے گا,"[-1.5528125762939453, -2.3964450359344482, -2.100213050842285, -2.5465550422668457, -2.1848862171173096]"
urd_6425208a8dd947802fc0a8a084d04acd,میرا جسم میری مرضی 😢 والوں کے پیچھے تیرا جسم میری مرضی  والے ہیں😢 #موم_بتی_مافیا,1,1,1,1,1,urd,[LANG=urd] میرا جسم میری مرضی 😢 والوں کے پیچھے تیرا جسم میری مرضی  والے ہیں😢 #موم_بتی_مافیا,"[2.2643558979034424, 1.576084852218628, 1.744618535041809, 1.8705757856369019, 1.6259912252426147]"
urd_b62e15b72e0436788272cf45479e2d16,دہشت گردی اور فرقہ واریت پاکستان کے لئے زہر قاتل ہے۔ @USER,0,0,0,0,0,urd,[LANG=urd] دہشت گردی اور فرقہ واریت پاکستان کے لئے زہر قاتل ہے۔ @USER,"[0.3408774435520172, 0.5627450942993164, 0.7036340832710266, -0.23293881118297577, 0.2680089473724365]"
urd_1f752c425cc5666a7d70b4287015e734,کون جانتا تھا کہ پٹواریوں کو ذہنی غلام کہنے والے یوتھئیے خود کپتان کے جنسی غلام بن جائینگے,1,1,1,1,1,urd,[LANG=urd] کون جانتا تھا کہ پٹواریوں کو ذہنی غلام کہنے والے یوتھئیے خود کپتان کے جنسی غلام بن جائینگے,"[2.6225736141204834, 1.4349021911621094, 1.4989713430404663, 1.6478924751281738, 1.2922749519348145]"
urd_3205ccbcbf293abe6a721fdbc42b3d48,قوم یوتھ کا نیا نعرہ امریکی غلامی نہ منظور امریکی فنڈنگ جی حضور #فارن_فنڈنگ_برائے_انتشار,1,1,1,1,1,urd,[LANG=urd] قوم یوتھ کا نیا نعرہ امریکی غلامی نہ منظور امریکی فنڈنگ جی حضور #فارن_فنڈنگ_برائے_انتشار,"[2.521785259246826, 1.724699854850769, 1.5780268907546997, 1.4433225393295288, 1.559776782989502]"
urd_ec61bef6d80d9c292e21e93395821cf2,بابے کو کیا حق حاصل کہ وہ کسی کو گاڈ فادر یا سسیلین مافیا کہے۔۔ن لیگ کیا مطلب ۔۔ اب بابا سچ بھی نہ بولے۔۔,1,1,1,1,1,urd,[LANG=urd] بابے کو کیا حق حاصل کہ وہ کسی کو گاڈ فادر یا سسیلین مافیا کہے۔۔ن لیگ کیا مطلب ۔۔ اب بابا سچ بھی نہ بولے۔۔,"[2.1239185333251953, 1.2703303098678589, 1.4662466049194336, 1.3644813299179077, 1.3317515850067139]"
urd_26fb10db07948ee4ad36162c34a3e99a,لا الہ الااللہ کے نام پر بننے والے ملک میں ہم جنس پرستی کا قانون منظور ہونا شرم ناک ترین عمل ہے۔ میں اسکی مزمت کرتا ہوں!! #بیہودہ_بل_واپس_لو,1,1,1,1,1,urd,[LANG=urd] لا الہ الااللہ کے نام پر بننے والے ملک میں ہم جنس پرستی کا قانون منظور ہونا شرم ناک ترین عمل ہے۔ میں اسکی مزمت کرتا ہوں!! #بیہودہ_بل_واپس_لو,"[2.2151949405670166, 1.914573073387146, 2.231072425842285, 2.0056869983673096, 1.6832777261734009]"
urd_29f21b5a1a108a315bb2a41b1015eb80,دوستوں ٹرینڈ میں اپنا حصہ ڈالوں یہودی ایجنٹ نامنظور امپورٹڈ یوتھیا نامنظور ✌✌✌,1,1,1,1,1,urd,[LANG=urd] دوستوں ٹرینڈ میں اپنا حصہ ڈالوں یہودی ایجنٹ نامنظور امپورٹڈ یوتھیا نامنظور ✌✌✌,"[2.066755771636963, 1.9632328748703003, 1.9889408349990845, 1.1952228546142578, 1.3841564655303955]"
urd_30a9f9f57175e418de191bf9c03b2e3b,آئی ایس پی آر کی پیڈ نام نہاد سوشل میڈیا ایکٹوسٹ کشمیر آزاد کرنے کے لئے کافی پرجوش ھے. @URL,1,1,1,1,1,urd,[LANG=urd] آئی ایس پی آر کی پیڈ نام نہاد سوشل میڈیا ایکٹوسٹ کشمیر آزاد کرنے کے لئے کافی پرجوش ھے. @URL,"[0.013336610980331898, -1.6765241622924805, -1.5692135095596313, -2.368489980697632, -1.6293065547943115]"
urd_be02be8697d7fe8e932abdb7ccb1edd5,عمران خان پاکستان کے پہلے سرٹیفائیڈ چور قرار دے دیئے گئے ۔ مزہ آ گیا #سرٹیفائڈ_چور_عمران_خان,1,0,0,0,0,urd,[LANG=urd] عمران خان پاکستان کے پہلے سرٹیفائیڈ چور قرار دے دیئے گئے ۔ مزہ آ گیا #سرٹیفائڈ_چور_عمران_خان,"[2.0237081050872803, 0.919222891330719, 1.0818532705307007, 0.9693884253501892, 0.8707150816917419]"
urd_158ace0e37c76c7ee3a0e3de4f9d1c5d,ملک بھر کی  اشرافیہ کو ملنے والا مفت پیٹرول کا کوٹہ ختم کیا جائے,1,1,1,1,1,urd,[LANG=urd] ملک بھر کی  اشرافیہ کو ملنے والا مفت پیٹرول کا کوٹہ ختم کیا جائے,"[0.6718737483024597, -0.7603148818016052, -0.9211214780807495, -0.9564749002456665, -0.7306728363037109]"
urd_fe433b2f1b2fc229247eb4c41b60a5e7,بم گرا دو بیانیہ ملک سے غداری کے مترادف ہے عمران کی فوری گرفتاری کی جائے  #تخریب_کار_عمران_خان  @USER @USER @USER,1,1,1,1,1,urd,[LANG=urd] بم گرا دو بیانیہ ملک سے غداری کے مترادف ہے عمران کی فوری گرفتاری کی جائے  #تخریب_کار_عمران_خان  @USER @USER @USER,"[2.1790695190429688, 1.3680156469345093, 1.5243287086486816, 1.2429102659225464, 1.371739387512207]"
urd_a632995d967175c0ec1b028b6d67ce63,عورت مارچ میں جو اہل بیت کی گستاخی ہوئ اس پر حکومت خاموش اور جاوید لطیف کے معمولی بیان پر واویلا لعنت عمران خان,0,0,0,0,0,urd,[LANG=urd] عورت مارچ میں جو اہل بیت کی گستاخی ہوئ اس پر حکومت خاموش اور جاوید لطیف کے معمولی بیان پر واویلا لعنت عمران خان,"[2.182831287384033, 1.3373996019363403, 1.5960878133773804, 1.5363370180130005, 1.211859941482544]"
urd_64485a2f481589e41d014022ee77b2da,لیکن ججز جس کو مرضی گارڈ فادر اور سیسلین مافیا کہہ لیں. جس کی مرضی پگڑی اچھال لیے؟ @URL,1,1,1,1,1,urd,[LANG=urd] لیکن ججز جس کو مرضی گارڈ فادر اور سیسلین مافیا کہہ لیں. جس کی مرضی پگڑی اچھال لیے؟ @URL,"[2.453988790512085, 1.5547031164169312, 1.6351412534713745, 1.502221703529358, 1.5550295114517212]"
urd_670a3db1a43dabd3053953df837cac50,شیر رحمان 2010 میں توہین مذہب کا کیس ابھی تک فیصلہ نہیں ہو سکا کیس کا #امپورٹڈ_حکومت_نامنظور,1,1,1,1,1,urd,[LANG=urd] شیر رحمان 2010 میں توہین مذہب کا کیس ابھی تک فیصلہ نہیں ہو سکا کیس کا #امپورٹڈ_حکومت_نامنظور,"[2.208251476287842, 1.4393144845962524, 1.7803235054016113, 1.3573929071426392, 1.336601972579956]"
urd_a2592b9532dc14170f7c7745b1da35a5,پہلے میثاق جمہوریت ہوا تھا اب بلاول میثاق 2 کے لئے گیا ہے یعنی نورا کشتی 2۔ کبھی تم کبھی ہم۔ عوام اب سب سمجھتی ہے۔,1,0,0,0,0,urd,[LANG=urd] پہلے میثاق جمہوریت ہوا تھا اب بلاول میثاق 2 کے لئے گیا ہے یعنی نورا کشتی 2۔ کبھی تم کبھی ہم۔ عوام اب سب سمجھتی ہے۔,"[2.0732922554016113, 1.2309461832046509, 1.4910825490951538, 1.41949462890625, 1.1419707536697388]"
urd_d684984eb4231786c73c69b609f445cc,دو افراد مراد سعید سے این آر او کرتے ہوئے گرفتار۔ 😂😂😂😅😅🤣🤣,1,1,1,1,1,urd,[LANG=urd] دو افراد مراد سعید سے این آر او کرتے ہوئے گرفتار۔ 😂😂😂😅😅🤣🤣,"[-0.15863798558712006, -1.2363290786743164, -1.261187195777893, -1.5074143409729004, -1.4574174880981445]"
urd_a8a873c7c567b1f04c60324e205394ae,دو قومی نظریہ بہن ارب پتی بھائی کے پاس تین سوٹ 😭😭😭😭😭😭 #جعلی_وزیراعظم_شرم_کرو,1,0,0,0,0,urd,[LANG=urd] دو قومی نظریہ بہن ارب پتی بھائی کے پاس تین سوٹ 😭😭😭😭😭😭 #جعلی_وزیراعظم_شرم_کرو,"[2.525386333465576, 1.7141972780227661, 1.7398903369903564, 1.5770742893218994, 1.5923123359680176]"
urd_509c0965947c518671c00dc326074e66,میں ثابت کروں گا کہ موجودہ حکمرانوں کی حکومت ریاستی دہشت گردی کا عملی نمونہ بن چکی ہے۔ #Revolution #Pakistan #DrQadri,1,1,1,1,1,urd,[LANG=urd] میں ثابت کروں گا کہ موجودہ حکمرانوں کی حکومت ریاستی دہشت گردی کا عملی نمونہ بن چکی ہے۔ #Revolution #Pakistan #DrQadri,"[2.190939426422119, 1.2928237915039062, 1.48155677318573, 1.1776119470596313, 1.44794762134552]"
urd_cbccd36b7675e57b5938097472022664,خصوصی سلیکشن بورڈمیں سیکرٹری اطلاعات،اسٹبلشمنٹ،سیکرٹری خارجہ بھی شامل,0,0,0,0,0,urd,[LANG=urd] خصوصی سلیکشن بورڈمیں سیکرٹری اطلاعات،اسٹبلشمنٹ،سیکرٹری خارجہ بھی شامل,"[-1.60355806350708, -2.499049186706543, -2.4189536571502686, -2.9397993087768555, -3.0051064491271973]"
urd_7e2f598a0a0e39145bfa290079bcb009,#چور_نواز_بنا_قاتل عاصمہ جہانگیر اور دیگر موم بتی مافیا نکلو اب اپنے باپ کیخلاف بھی__ اس بچے کے لیے بھی آواز اٹھاؤ @USER,1,0,0,0,0,urd,[LANG=urd] #چور_نواز_بنا_قاتل عاصمہ جہانگیر اور دیگر موم بتی مافیا نکلو اب اپنے باپ کیخلاف بھی__ اس بچے کے لیے بھی آواز اٹھاؤ @USER,"[2.5939927101135254, 1.4222570657730103, 1.4463680982589722, 1.3720464706420898, 1.4553821086883545]"
urd_487df0b32e36f25ca6e75e1cead8dca5,ڈان لیکس رپورٹ منظر عام پر آنے سے پہلے ہی اہم موڑ آگیا,0,0,0,0,0,urd,[LANG=urd] ڈان لیکس رپورٹ منظر عام پر آنے سے پہلے ہی اہم موڑ آگیا,"[-1.537506341934204, -2.3812782764434814, -2.206801652908325, -2.6612966060638428, -2.605926752090454]"
urd_928e7e1dfda7ae2f1d1211b892c6fdb4,مودی سرکار میں بھارتی معیشت کی ترقی کا پراپیگنڈا سن کر القائدہ بھی متاثر ہوئی اور فرینچائز کا اعلان کردیا۔,1,1,1,1,1,urd,[LANG=urd] مودی سرکار میں بھارتی معیشت کی ترقی کا پراپیگنڈا سن کر القائدہ بھی متاثر ہوئی اور فرینچائز کا اعلان کردیا۔,"[0.1095239669084549, -1.5949233770370483, -1.3889282941818237, -1.7802107334136963, -1.7303615808486938]"
urd_2b09cf1d042db6a5ab43f1b0104bb0f8,نواز شریف کو گاڈ فادر اور سسلین مافیا کہا گیا لیکن اس نے عدالتی فیصلہ قبول کیا۔۔ہر کوئی نواز شریف نہیں ہوتا۔۔,0,0,0,0,0,urd,[LANG=urd] نواز شریف کو گاڈ فادر اور سسلین مافیا کہا گیا لیکن اس نے عدالتی فیصلہ قبول کیا۔۔ہر کوئی نواز شریف نہیں ہوتا۔۔,"[1.7114028930664062, 0.7482671141624451, 0.7227067351341248, 0.7682446241378784, 0.7059361338615417]"
urd_2d8fd9cbf242cc6cf59a5aa8fe04e96c,مسلمان برصغیر میں اقلیت تھے. مذہبی آزادی اور بنیادی حقوق نہ ملے تو نیا ملک بنایا. اور اب اس ملک میں اقلیتوں کو بھرپور (تحفظ دیا جاتا @USER,0,0,0,0,0,urd,[LANG=urd] مسلمان برصغیر میں اقلیت تھے. مذہبی آزادی اور بنیادی حقوق نہ ملے تو نیا ملک بنایا. اور اب اس ملک میں اقلیتوں کو بھرپور (تحفظ دیا جاتا @USER,"[-0.7913562655448914, -1.67730712890625, -1.3010574579238892, -2.2596335411071777, -2.2904880046844482]"
urd_3829cc85a83782d1dc117e9f6213f4e4,اسلامی جمہوریہ پاکستان سے امریکی جمہوری نظام کی طرف سفر شروع.,0,0,0,0,0,urd,[LANG=urd] اسلامی جمہوریہ پاکستان سے امریکی جمہوری نظام کی طرف سفر شروع.,"[-1.4547371864318848, -2.6123640537261963, -2.4854156970977783, -2.9233858585357666, -2.773268699645996]"
urd_0a4d0f907cce68e03a9931a86c6570e4,روانوار نے 444 پشتونوں کو قتل کیا اج بی وفادار ہے #KarachiSitIn4AliWazir,1,1,1,1,1,urd,[LANG=urd] روانوار نے 444 پشتونوں کو قتل کیا اج بی وفادار ہے #KarachiSitIn4AliWazir,"[2.2903709411621094, 1.8282713890075684, 1.7113367319107056, 1.2854357957839966, 1.497262954711914]"
urd_d41909f6b51dbc1c9b0aa3ab17e3fbe2,@USER خان کبھی دھوکا نہیں دیگا۔۔ لفافا ما فیا ( زرد صحافت ) کی بولتی بند @URL,1,1,1,1,1,urd,[LANG=urd] @USER خان کبھی دھوکا نہیں دیگا۔۔ لفافا ما فیا ( زرد صحافت ) کی بولتی بند @URL,"[1.752977967262268, 0.8511767387390137, 0.9662461876869202, 0.7493162155151367, 1.160652756690979]"
urd_7fdc4d3908064b20cbb956ba1d9c17fc,قائداعظم کے پاکستان کو صوبائیت و لسانیت کی دلدل میں دھکیلنے والے نواز شریف کی محبت کو دلوں سے ختم کرنے کا سب سے موثر ذریعہ تعلیم ھے. @USER,1,1,1,1,1,urd,[LANG=urd] قائداعظم کے پاکستان کو صوبائیت و لسانیت کی دلدل میں دھکیلنے والے نواز شریف کی محبت کو دلوں سے ختم کرنے کا سب سے موثر ذریعہ تعلیم ھے. @USER,"[1.6062637567520142, -0.038101594895124435, 0.2954692840576172, -0.07994572073221207, 0.395452618598938]"
urd_d59d0800f10fdc2427e1c59386d80e02,جب سے دروازے پہ لکھا میں نے اعلیٰ حضرت کوئی گستاخ نبی گھر میرے آیا ہی نہیں,1,1,1,1,1,urd,[LANG=urd] جب سے دروازے پہ لکھا میں نے اعلیٰ حضرت کوئی گستاخ نبی گھر میرے آیا ہی نہیں,"[-0.7892279028892517, -2.039334297180176, -1.440885305404663, -2.2320616245269775, -2.2275450229644775]"
urd_04f8f193df4e16aa737dd5097bef7592,چینی آٹا پیٹرول مافیا کے بعد پانی مافیا بھی آگیا,1,1,1,1,1,urd,[LANG=urd] چینی آٹا پیٹرول مافیا کے بعد پانی مافیا بھی آگیا,"[2.2280800342559814, 1.2273740768432617, 1.1985853910446167, 1.20061457157135, 1.2685362100601196]"
urd_7c94d074ed01ed3fa2dc72d6aa319f67,اگر واقعی پیشہ ور بھکاریوں کو گرفتار کرنا ہے تو سلیکٹڈ وزیراعظم سے شروع کریں،  بلاول بھٹو,1,0,0,0,0,urd,[LANG=urd] اگر واقعی پیشہ ور بھکاریوں کو گرفتار کرنا ہے تو سلیکٹڈ وزیراعظم سے شروع کریں،  بلاول بھٹو,"[1.7110854387283325, 0.9965009093284607, 1.090967059135437, 0.8765705227851868, 0.6903711557388306]"
urd_9744253e4042eeb3d36804bed31ff25f,قادیانی تو مرتد ہے۔ غدار آئین پاکستان ہے۔ حکومت کس حیثیت میں ان مرتدوں کو اقلیت قرار دے رہی ہے؟؟؟#قادیانی_دنیا_کا_بدترین_کافر,1,1,1,1,1,urd,[LANG=urd] قادیانی تو مرتد ہے۔ غدار آئین پاکستان ہے۔ حکومت کس حیثیت میں ان مرتدوں کو اقلیت قرار دے رہی ہے؟؟؟#قادیانی_دنیا_کا_بدترین_کافر,"[2.0367774963378906, 1.839863896369934, 2.3408896923065186, 1.6002668142318726, 1.5570591688156128]"
urd_b3543e44a6cdcfe0e0fb21e9b836c520,جوانوں کی نسل کشی اور سرکاری دہشتگری کیخلاف سنیچر کو مکمل احتجاجی کیا جائے، مشترکہ قیادت @USER @USER,0,0,0,0,0,urd,[LANG=urd] جوانوں کی نسل کشی اور سرکاری دہشتگری کیخلاف سنیچر کو مکمل احتجاجی کیا جائے، مشترکہ قیادت @USER @USER,"[-1.9740365743637085, -2.681108236312866, -2.213127851486206, -3.0381336212158203, -3.286761999130249]"
urd_57cc0aa18f798467006e14b065b4bfb9,#سلیکٹرز_جواب_دیں  @USER آپ مولانا سے فاصلہ رکھیں کیونکہ ہمیں شک ہے کہ مولانا کی اس سیاست کا نتیجہ فرقہ وارانہ فسادات کی شکل میں نکلے گا۔ ®£,1,1,1,1,1,urd,[LANG=urd] #سلیکٹرز_جواب_دیں  @USER آپ مولانا سے فاصلہ رکھیں کیونکہ ہمیں شک ہے کہ مولانا کی اس سیاست کا نتیجہ فرقہ وارانہ فسادات کی شکل میں نکلے گا۔ ®£,"[0.4797514081001282, -0.00911480002105236, 0.6930315494537354, -0.4981881380081177, -0.4545588791370392]"
urd_d1ada755324b4f901d4a1ab3a67948fb,اتنے بھوکے ہیں کہ اربوں کا بجٹ کھانے کے باوجود بھی عوام کا مینڈیٹ بھی کھا گئے #MassiveRigging,1,0,0,0,0,urd,[LANG=urd] اتنے بھوکے ہیں کہ اربوں کا بجٹ کھانے کے باوجود بھی عوام کا مینڈیٹ بھی کھا گئے #MassiveRigging,"[1.7262892723083496, 0.8096089959144592, 0.6979895830154419, 0.6180728077888489, 0.7199636697769165]"
urd_a0ab94d0ce5bd3c2ef70c8df2c81a2bb,#ہوئےیتیم_حامدافتخارصافی پیارے پاکستانیو ایک ہوتی ہے پیلی زرد صحافت اور ایک ہوتی ہے کالی صحافت یہ سارےان دونوں کے چیمپئن ہیں,1,1,1,1,1,urd,[LANG=urd] #ہوئےیتیم_حامدافتخارصافی پیارے پاکستانیو ایک ہوتی ہے پیلی زرد صحافت اور ایک ہوتی ہے کالی صحافت یہ سارےان دونوں کے چیمپئن ہیں,"[2.2628326416015625, 1.6460530757904053, 1.4045969247817993, 1.7591158151626587, 1.439361572265625]"
urd_f627c6ea975a045c1aa9ba83439a9291,نواز شریف نے دنیا کی دھمکیوں کے باوجود ایٹمی دھماکے کر کے پاکستان کو ایٹمی طاقت بنایا #NawazNeedOfPakistan,0,0,0,0,0,urd,[LANG=urd] نواز شریف نے دنیا کی دھمکیوں کے باوجود ایٹمی دھماکے کر کے پاکستان کو ایٹمی طاقت بنایا #NawazNeedOfPakistan,"[1.948777437210083, 0.503822922706604, 0.8112420439720154, 0.40433648228645325, 0.43570926785469055]"
urd_fe22072307e73f7abf44e36656aafe54,میری وزیر داخلہ سے گزارش ھے سابقہ حکومت کے سارے کتوں کو گرفتار کرکے جیلوں میں ڈالا جاۓ۔ عمرانڈوز قوم اور عمرانڈوز مذہب سے نجات دلوائی جاۓ,1,1,1,1,1,urd,[LANG=urd] میری وزیر داخلہ سے گزارش ھے سابقہ حکومت کے سارے کتوں کو گرفتار کرکے جیلوں میں ڈالا جاۓ۔ عمرانڈوز قوم اور عمرانڈوز مذہب سے نجات دلوائی جاۓ,"[1.9973151683807373, 1.9805225133895874, 2.1973793506622314, 1.7872436046600342, 1.6345582008361816]"
urd_ede06a99253782a7021a04cc419e35f7,5000 حرامی مریں تو کاشف عباسی جیسا مہا حرامی پیدا ہو تا ہے,1,1,1,1,1,urd,[LANG=urd] 5000 حرامی مریں تو کاشف عباسی جیسا مہا حرامی پیدا ہو تا ہے,"[2.181079626083374, 1.8476213216781616, 2.2288262844085693, 1.72053861618042, 1.7414075136184692]"
urd_592f61d420e117ffdd3c9fa8c44dfd1f,ایسے شخص کو ایم-این-اے بنانا عقل سے باہر ھے جو ہزاروں لوگوں کے فرقہ ورانہ قتل میں ملوث ھو. علامہ راجہ ناصر سربراہ مجلس وحدت مسلیمین,1,1,1,0,0,urd,[LANG=urd] ایسے شخص کو ایم-این-اے بنانا عقل سے باہر ھے جو ہزاروں لوگوں کے فرقہ ورانہ قتل میں ملوث ھو. علامہ راجہ ناصر سربراہ مجلس وحدت مسلیمین,"[1.1175029277801514, -0.34507256746292114, 0.4236542582511902, -0.5643186569213867, -0.45229583978652954]"
urd_1260bb3f95e068e803e9baf3a120fcb8,جمائما  خان کی منی ٹریل لندن سے پاکستان پیدل آ رہی ہے 😊😊,0,0,0,0,0,urd,[LANG=urd] جمائما  خان کی منی ٹریل لندن سے پاکستان پیدل آ رہی ہے 😊😊,"[1.9083929061889648, 1.0410798788070679, 0.979155421257019, 0.9957681894302368, 1.0068120956420898]"
urd_19b21ec4e3a4c0404aa485906d9ec97f,گجرات کا خط امریکی خط سے زیادہ بنڈ پاڑ نکلا,1,1,1,1,1,urd,[LANG=urd] گجرات کا خط امریکی خط سے زیادہ بنڈ پاڑ نکلا,"[1.5354331731796265, 1.0455361604690552, 0.6625493764877319, 0.5689635276794434, 0.7993661165237427]"
urd_91b9910dcf403d47945fceb7a3d59411,یا اللہ پاکستان کو ان جعلی لبرلز سے نجات دلا,1,0,1,0,0,urd,[LANG=urd] یا اللہ پاکستان کو ان جعلی لبرلز سے نجات دلا,"[2.059210777282715, 1.312047004699707, 1.7207905054092407, 1.1710096597671509, 1.1999709606170654]"
urd_094506a365d95d15f1e26d6f1d2df646,قائد اعظم پاکستان میں اقلیتوں کی مذہبی آزادی کے خواہاں تھے،سنئے  @USER @USER  1/3 @USER,0,0,0,0,0,urd,[LANG=urd] قائد اعظم پاکستان میں اقلیتوں کی مذہبی آزادی کے خواہاں تھے،سنئے  @USER @USER  1/3 @USER,"[-1.9775683879852295, -2.556305170059204, -2.5161993503570557, -2.943804979324341, -3.285227060317993]"
urd_4c14a66bc450577e2ca1b67f80425f26,شوبازشریف قتل پرقتل کرنے کے بعد اب مبشر لقمان کے گھرکی بے عزتی پراترآیا ھے۔ان شریفوں کو پھانسی دینی چاہئے @USER #WeWantKharaSach,1,1,1,1,1,urd,[LANG=urd] شوبازشریف قتل پرقتل کرنے کے بعد اب مبشر لقمان کے گھرکی بے عزتی پراترآیا ھے۔ان شریفوں کو پھانسی دینی چاہئے @USER #WeWantKharaSach,"[2.3403167724609375, 1.6839179992675781, 1.9428969621658325, 1.754774570465088, 1.6211280822753906]"
urd_01f9e991ae729740e8bf263702cc0a40,اگر لانگ مارچ میں PPP نہ بھی شامل ہوئی تب بھی لانگ مارچ مولانا فضل الرحمان کی قیادت پوری طاقت سے ہوگا، اہم ترین زرائع,0,0,0,0,0,urd,[LANG=urd] اگر لانگ مارچ میں PPP نہ بھی شامل ہوئی تب بھی لانگ مارچ مولانا فضل الرحمان کی قیادت پوری طاقت سے ہوگا، اہم ترین زرائع,"[-0.65206378698349, -2.308079242706299, -1.452192783355713, -2.5057857036590576, -2.6613268852233887]"
urd_71f62f939136eecede54122861a7612e,پاکستانی لبرلز سے سوچنے کی گزارش کی جاتی ہے۔۔ حالانکہ یہ لبرلز کے لئے مشکل ہے  #DesiLiberals @USER,1,0,1,0,0,urd,[LANG=urd] پاکستانی لبرلز سے سوچنے کی گزارش کی جاتی ہے۔۔ حالانکہ یہ لبرلز کے لئے مشکل ہے  #DesiLiberals @USER,"[-0.2432863861322403, -1.9356768131256104, -1.6802090406417847, -2.175222158432007, -2.4906928539276123]"
urd_de0a50ddf032d7c752b4fda2f12dfe77,پیپلز پارٹی نے میرا جسم میری مرضی والی خواتین مارچ کی حمایت کا اعلان کردیا😡😠 #ppp @USER @USER @USER,0,0,0,0,0,urd,[LANG=urd] پیپلز پارٹی نے میرا جسم میری مرضی والی خواتین مارچ کی حمایت کا اعلان کردیا😡😠 #ppp @USER @USER @USER,"[1.150296688079834, -0.17996154725551605, -0.12835466861724854, 0.49330437183380127, -0.2151729017496109]"
urd_73d1d1b8499a1aa2f764d788d566cb69,پشاورپولیس کی کاروائی مغوی خواجہ سرا کو بازیاب کرلیا گیا,0,0,0,0,0,urd,[LANG=urd] پشاورپولیس کی کاروائی مغوی خواجہ سرا کو بازیاب کرلیا گیا,"[-0.36487576365470886, -2.0988118648529053, -1.4048696756362915, -2.3893983364105225, -1.6051790714263916]"
urd_2263cba054eba1f27b96fda05440af13,#Happy65BirthdaySMBB my leader پی پی پی کا ہر جیالا آپ کے مشن کو جاری رکھے گا ۔ @URL,1,1,1,1,1,urd,[LANG=urd] #Happy65BirthdaySMBB my leader پی پی پی کا ہر جیالا آپ کے مشن کو جاری رکھے گا ۔ @URL,"[0.07723020017147064, -1.5794495344161987, -1.4558604955673218, -1.753812313079834, -1.4670414924621582]"
urd_4e490899d601d772807cf52c123c4d87,زینب قتل کیس :پولیس نے ڈی این اے پروفائلنگ مکمل کر لی ،ننھی کلی کو درندگی کا نشانہ بنانے والا کون ہے ؟ صبح @USER @USER,0,0,0,0,0,urd,[LANG=urd] زینب قتل کیس :پولیس نے ڈی این اے پروفائلنگ مکمل کر لی ،ننھی کلی کو درندگی کا نشانہ بنانے والا کون ہے ؟ صبح @USER @USER,"[2.2185420989990234, 1.6364911794662476, 2.068760633468628, 1.759407639503479, 1.4945350885391235]"
urd_a6ddd9120b468c20b2ac7b3554796abb,اگر ملک پر کوئی بھی قدرتی آفت آئے سب سے پہلے یہی وردی والے اپنی عوام کی مدد کرنے کو پہنچ جاتے ہیں ۔ #ہماری_فوج_ہمارا_فخر,0,0,0,0,0,urd,[LANG=urd] اگر ملک پر کوئی بھی قدرتی آفت آئے سب سے پہلے یہی وردی والے اپنی عوام کی مدد کرنے کو پہنچ جاتے ہیں ۔ #ہماری_فوج_ہمارا_فخر,"[0.8293923735618591, -0.5906471610069275, -0.36889299750328064, -0.9283796548843384, -0.7549428343772888]"
urd_807b50f2cac955b8790342f974de35f8,#امپورٹڈ_حکومت_نامنظور خان تم غلط جگہ پیدا ہو گے تھے بحیثیت قوم آج ہم ہار گے اور امریکی ایجنٹ آج پارلیمنٹ میں بیٹھے ہوئے,1,1,1,1,1,urd,[LANG=urd] #امپورٹڈ_حکومت_نامنظور خان تم غلط جگہ پیدا ہو گے تھے بحیثیت قوم آج ہم ہار گے اور امریکی ایجنٹ آج پارلیمنٹ میں بیٹھے ہوئے,"[2.2319679260253906, 1.2000187635421753, 1.256334900856018, 1.1345840692520142, 1.1998302936553955]"
urd_54cefba7b27756305d4fca2bd548518e,یہ افرا تفری ۔۔۔ پنجاب حکومت، فوجی عدالتوں، اٹھارویں ترمیم، منی بجٹ، حکومتی نا اہلی اور امریکہ کیساتھ دوبارہ نکاح کی وجہ سے ہے ۔,1,1,1,1,1,urd,[LANG=urd] یہ افرا تفری ۔۔۔ پنجاب حکومت، فوجی عدالتوں، اٹھارویں ترمیم، منی بجٹ، حکومتی نا اہلی اور امریکہ کیساتھ دوبارہ نکاح کی وجہ سے ہے ۔,"[1.9008901119232178, 0.7032901644706726, 0.693587064743042, 1.3040900230407715, 0.5017479062080383]"
urd_2e2c8375feed15a80ac78e1535526db0,پنکی کا خاوند گوگی کا یار توشہ خان ملک کا غدار #غدار_عمران_ہے,1,1,1,1,1,urd,[LANG=urd] پنکی کا خاوند گوگی کا یار توشہ خان ملک کا غدار #غدار_عمران_ہے,"[2.7154245376586914, 1.5431979894638062, 1.5302261114120483, 1.591140866279602, 1.307386040687561]"
urd_7edb96841935a8759bba190d75b6159b,"#آرٹیکل چھ لگایا تھا ہاں #مشرف کو لٹکایا نہیں #مشرف ""بھاگا"" نہیں اجازت سے گیا ھے بات تو سچ ھے مگر  #بات_ہے_رسوائی_کی",1,1,1,1,1,urd,"[LANG=urd] #آرٹیکل چھ لگایا تھا ہاں #مشرف کو لٹکایا نہیں #مشرف ""بھاگا"" نہیں اجازت سے گیا ھے بات تو سچ ھے مگر  #بات_ہے_رسوائی_کی","[0.34832054376602173, -0.8977670073509216, -0.972385585308075, -1.5158641338348389, -1.2766188383102417]"
urd_b4c1ea6385dc453e348ab1720c24e9b5,ملک کی عزت و وقارتو بیچ دیا اب کپڑے بھی بیچ دو۔ امپورٹڈ کرائم منسٹر صاحب #امپورٹڈ__حکومت__نامنظور,1,1,1,1,1,urd,[LANG=urd] ملک کی عزت و وقارتو بیچ دیا اب کپڑے بھی بیچ دو۔ امپورٹڈ کرائم منسٹر صاحب #امپورٹڈ__حکومت__نامنظور,"[1.702439308166504, 0.8338150382041931, 0.899646520614624, 0.6757856607437134, 0.8340411186218262]"
urd_d85b5109884a40c9e6d5e0e9144258da,سرٹیفائیڈ چور عمران نیازی نے سعودی عرب،متحدہ عرب امارات اور قطر سے ملنے والے تحائف کو دانستہ چھپایا قانون کی خلاف ورزی کی,1,1,1,1,1,urd,[LANG=urd] سرٹیفائیڈ چور عمران نیازی نے سعودی عرب،متحدہ عرب امارات اور قطر سے ملنے والے تحائف کو دانستہ چھپایا قانون کی خلاف ورزی کی,"[0.4527600109577179, -1.464207410812378, -1.1098806858062744, -1.4473060369491577, -1.4144415855407715]"
urd_d9da801728d3a0e8c8d001d75c520e01,سنا ہے لاش کی بے حرمتی کرنے کا عزم رکھتا @USER مجھے تو یہ مصنف بھی یزید لگتا @USER #Nation_with_OurArmy,0,0,0,0,0,urd,[LANG=urd] سنا ہے لاش کی بے حرمتی کرنے کا عزم رکھتا @USER مجھے تو یہ مصنف بھی یزید لگتا @USER #Nation_with_OurArmy,"[0.8070724606513977, -0.040133144706487656, -0.12123021483421326, -0.43097445368766785, -0.5144321322441101]"
urd_a79e91b564c36c8d62260a2087048bde,#پی‌ٹی‌آئی‌پاکستان‌تحریک‌اسرائیل گو نیازی گو گو یہودی ایجنٹ گو,1,0,0,0,0,urd,[LANG=urd] #پی‌ٹی‌آئی‌پاکستان‌تحریک‌اسرائیل گو نیازی گو گو یہودی ایجنٹ گو,"[2.197950601577759, 1.934697151184082, 2.0166594982147217, 1.5049405097961426, 1.4845678806304932]"
urd_1957f44e3ed62f04bf4acc445bca2e27,مشرف کی آئین سے غداری سے پہلے۔۔۔اس وقت کے آرمی چیف اورسیکڑوں پاکستانی مسافروں کاطیارہ ہائی جیک کرکے انڈیا بھیجنے کا کیس کھولا جائے ۔!!!,1,1,1,1,1,urd,[LANG=urd] مشرف کی آئین سے غداری سے پہلے۔۔۔اس وقت کے آرمی چیف اورسیکڑوں پاکستانی مسافروں کاطیارہ ہائی جیک کرکے انڈیا بھیجنے کا کیس کھولا جائے ۔!!!,"[1.6807411909103394, 0.717753529548645, 0.6823620200157166, 0.5241653919219971, 0.5034588575363159]"
urd_606ca888fc94f7211a1c34942e9a5c22,فتنہِ قادیانیت کیا ھے ؟ کیسے شروع ہوا ؟ سنیں 2/3 @USER,1,1,1,1,1,urd,[LANG=urd] فتنہِ قادیانیت کیا ھے ؟ کیسے شروع ہوا ؟ سنیں 2/3 @USER,"[-0.20032379031181335, -1.2920688390731812, -0.5391614437103271, -2.092677354812622, -1.8471741676330566]"
urd_78656c2a4130394dd2d5e2c9c9faf4e2,#UngratefulAfghanistan کوئی موم بتی مافیا کوئی دیسی لبرل اس واقعےکی مزمت کرنےنہیں سامنےآیا۔کیونکہ دونوں مسلمان ہی تھے۔,1,1,1,1,1,urd,[LANG=urd] #UngratefulAfghanistan کوئی موم بتی مافیا کوئی دیسی لبرل اس واقعےکی مزمت کرنےنہیں سامنےآیا۔کیونکہ دونوں مسلمان ہی تھے۔,"[2.175471305847168, 1.4784451723098755, 1.6974942684173584, 1.0987091064453125, 1.4378070831298828]"
urd_d605ef47f4dc331ffe2e78af72bd636d,وزیریستان میی پنجابی فوج کے ہوتے ہوے دشتگردو کی کیا ضرورت ہے #WaziristanBleedsAgain,1,1,1,1,1,urd,[LANG=urd] وزیریستان میی پنجابی فوج کے ہوتے ہوے دشتگردو کی کیا ضرورت ہے #WaziristanBleedsAgain,"[2.2277984619140625, 1.930655598640442, 1.180977702140808, 1.0383538007736206, 1.2559926509857178]"
urd_428b76a11d075fbd72f11127a605360e,منٹو صاحب کے افسانے “کھول دو”سے کشمور کی بیٹی کے “کھول دو” تک کی کہانی پاکستانی معاشرے کی ستر سالہ تاریخ کو بیان کرتے ھوئے #سانحہ_کشمور,0,0,0,0,0,urd,[LANG=urd] منٹو صاحب کے افسانے “کھول دو”سے کشمور کی بیٹی کے “کھول دو” تک کی کہانی پاکستانی معاشرے کی ستر سالہ تاریخ کو بیان کرتے ھوئے #سانحہ_کشمور,"[-1.3874156475067139, -2.5106799602508545, -2.2690887451171875, -2.697870969772339, -2.676743507385254]"
urd_4096042ecbb6c83442d0b23efb122043,ریاست مخالف سرگرمیوں میں ملوث افراد کے نام ای سی ایلی میں شامل رہیں گے،ذرائع,0,0,0,0,0,urd,[LANG=urd] ریاست مخالف سرگرمیوں میں ملوث افراد کے نام ای سی ایلی میں شامل رہیں گے،ذرائع,"[-0.8017671704292297, -2.5625226497650146, -2.072762966156006, -2.9936363697052, -2.864053964614868]"
urd_377399cd01f37aedb5780692a9437a89,یہ اک جان کیا ہے اگر ہوں کروروں تیرے نام پے سب کو وارا کروں میں  گستاخ نبی کو آرسٹ کرو,1,1,1,1,1,urd,[LANG=urd] یہ اک جان کیا ہے اگر ہوں کروروں تیرے نام پے سب کو وارا کروں میں  گستاخ نبی کو آرسٹ کرو,"[1.4481210708618164, 1.391788125038147, 2.1062183380126953, 1.3657383918762207, 1.3310825824737549]"
urd_5c17b15248a136f7e10d887f9d588a7d,اور ہم سیکولر پاکستان چاہتے ہیں۔@USER:  منافقت نہیں چلے گی اسلامی نظام یا کوئی دوسرا، کسی ایک کو رکھنا پڑے گا، سراج الحق,0,0,1,0,0,urd,[LANG=urd] اور ہم سیکولر پاکستان چاہتے ہیں۔@USER:  منافقت نہیں چلے گی اسلامی نظام یا کوئی دوسرا، کسی ایک کو رکھنا پڑے گا، سراج الحق,"[-0.5358231663703918, -1.6772438287734985, -0.8622083067893982, -2.1993658542633057, -2.3306195735931396]"
urd_eac8a5e083f9200643d7babacd4bed76,جعلی مینڈیٹ کی پیداوار تو اپنے حلقوں میں بھی نہیں جاتے ، راناثناء اللہ,1,0,0,0,0,urd,[LANG=urd] جعلی مینڈیٹ کی پیداوار تو اپنے حلقوں میں بھی نہیں جاتے ، راناثناء اللہ,"[0.725757896900177, -0.49485763907432556, -0.3343247175216675, -0.6293313503265381, -0.7628285884857178]"
urd_4461f8baec5602102c9fe84d4b475d25,#طلبہ_یونین_بحال_کرو اس سپر کلاس کو یہی ڈر ہے کہ یونین سے کوئی غریب پرور اوپر نہ آجائے۔ ورنہ ان کے ذہینی مفلوج اور بداخلاق بچے کیا کریں گئے,1,1,1,1,1,urd,[LANG=urd] #طلبہ_یونین_بحال_کرو اس سپر کلاس کو یہی ڈر ہے کہ یونین سے کوئی غریب پرور اوپر نہ آجائے۔ ورنہ ان کے ذہینی مفلوج اور بداخلاق بچے کیا کریں گئے,"[2.1642813682556152, 1.3256514072418213, 1.220849871635437, 1.2965917587280273, 1.5413495302200317]"
urd_142a58da38ac05c375372c801964a8cf,مطالعہ پاکستان کے پیپر کے لئے قائد اعظم کے چودہ نکات یاد کرنا وی بڑا اوکھا کم ہوندا سی,0,0,0,0,0,urd,[LANG=urd] مطالعہ پاکستان کے پیپر کے لئے قائد اعظم کے چودہ نکات یاد کرنا وی بڑا اوکھا کم ہوندا سی,"[-1.1758363246917725, -2.3846888542175293, -1.728277325630188, -2.8946352005004883, -2.4830071926116943]"
urd_7eddfb1d134399f1a14c8bd322aa2982,سندھ کی رافضی حکومت کے ہاتھ اہل سنت والجماعت کے بیگناہ کارکنوں کے خون سے رنگے ہوئے ہیں وفاقی حکومت اپنا کردار ادا کرے,1,1,1,0,0,urd,[LANG=urd] سندھ کی رافضی حکومت کے ہاتھ اہل سنت والجماعت کے بیگناہ کارکنوں کے خون سے رنگے ہوئے ہیں وفاقی حکومت اپنا کردار ادا کرے,"[2.137760639190674, 1.5056082010269165, 2.064249277114868, 1.0588445663452148, 1.1408909559249878]"
urd_d596135305f0f9e092d212338f105a35,کراچی:غریب پنجابیوں نے بلوچستان کے کون سےحقوق غصب کیےہیں؟ الطاف حسین,1,0,0,0,0,urd,[LANG=urd] کراچی:غریب پنجابیوں نے بلوچستان کے کون سےحقوق غصب کیےہیں؟ الطاف حسین,"[0.23068182170391083, 0.11896172165870667, -0.4150698184967041, -0.5250296592712402, -0.22612734138965607]"
urd_68daf6a3eb1ef3755f50579b8cf51729,سید کی جوتی کو ہم اپنے سر کا تاج سمجھتے ہیں۔ سید کبھی بھی گستاخ صحابہ نہیں ہو سکتا اور جوگستاخ صحابہ ہو وہ کبھی سید نہیں ہو @USER,1,1,1,1,1,urd,[LANG=urd] سید کی جوتی کو ہم اپنے سر کا تاج سمجھتے ہیں۔ سید کبھی بھی گستاخ صحابہ نہیں ہو سکتا اور جوگستاخ صحابہ ہو وہ کبھی سید نہیں ہو @USER,"[1.674326777458191, 1.680221676826477, 2.1877028942108154, 1.4535808563232422, 1.401795744895935]"
urd_0616ca8df2a56b536077313d4aa4ed0f,زرداری نواز شریف لندن میں ہیں اور یہ ہے وہ لندن پلان جس کی پٹواری بات کرتے آ رہے ہیں پچھلے کچھ مہینوں سے ہاہاہاہاہ @USER,1,1,1,1,1,urd,[LANG=urd] زرداری نواز شریف لندن میں ہیں اور یہ ہے وہ لندن پلان جس کی پٹواری بات کرتے آ رہے ہیں پچھلے کچھ مہینوں سے ہاہاہاہاہ @USER,"[2.3838858604431152, 0.8952157497406006, 0.7850368022918701, 1.1248013973236084, 0.8052710294723511]"
urd_c96e01bf6f9ff074e3d36749a24e9a9e,آج این آر او دیا گیا ہے,0,0,0,0,0,urd,[LANG=urd] آج این آر او دیا گیا ہے,"[-1.0303934812545776, -2.0933103561401367, -1.923100233078003, -2.58231520652771, -2.42551326751709]"
urd_3d0da4d01eedfebaca1fe09328400cd2,بلوچستان ميں پنجابی مزدوروں کا قتل ! مظلوم پنجابیوں کودینے کے لئے وزیراعظم اوروزیراعلیٰ پنجاب کےپاس بھی کچھ نہیں @USER حسین #TheRightMan,1,1,1,1,1,urd,[LANG=urd] بلوچستان ميں پنجابی مزدوروں کا قتل ! مظلوم پنجابیوں کودینے کے لئے وزیراعظم اوروزیراعلیٰ پنجاب کےپاس بھی کچھ نہیں @USER حسین #TheRightMan,"[1.8930084705352783, 1.736007809638977, 1.510891079902649, 1.3468947410583496, 1.3334405422210693]"
urd_9e1a81f2c50956649394ab16da33c0db,تنخواہوں میں اضافے کا فیصلہ واپس پہلا یوٹرن #امپورٹڈ_حکومت_نامنظور,1,1,1,1,1,urd,[LANG=urd] تنخواہوں میں اضافے کا فیصلہ واپس پہلا یوٹرن #امپورٹڈ_حکومت_نامنظور,"[1.9416029453277588, 1.1015344858169556, 1.114571452140808, 0.769317090511322, 0.9454814791679382]"
urd_9a51eb55706506f634a1eba4f52ea6c6,ریاست مدینہ میں اتنی غلط اطلاعات عبدﷲ بن ابی جیسا منافق نہیں پھیلاتا تھا جتنی محض ریاست مدینہ کانام سن کر دورِجدید کے منافق پھیلا رہے ہیں 😀😀,1,1,1,1,1,urd,[LANG=urd] ریاست مدینہ میں اتنی غلط اطلاعات عبدﷲ بن ابی جیسا منافق نہیں پھیلاتا تھا جتنی محض ریاست مدینہ کانام سن کر دورِجدید کے منافق پھیلا رہے ہیں 😀😀,"[2.2135605812072754, 1.2708386182785034, 2.021947145462036, 0.9973745346069336, 1.3754398822784424]"
urd_f952fc51e78c5b654e9ddd7d9f1fbbf6,کٹھ پتلی وزیراعظم نے بولی کس نااہل کی بولی ؟ #cheifJustice #Parliment,1,1,1,1,1,urd,[LANG=urd] کٹھ پتلی وزیراعظم نے بولی کس نااہل کی بولی ؟ #cheifJustice #Parliment,"[2.1375620365142822, 1.5392801761627197, 1.6709750890731812, 1.3657889366149902, 1.4294682741165161]"
urd_3e317c4b7759ef3b3a13a137dde13e99,آصف زرداری کے مبینہ قریبی ساتھی کے گرفتاری کے بعد اب بے نامی اکاونٹس سے 52 ارب مالیت کی بے نامی جائیدادیں منظر عام پر آگئیں,0,0,0,0,0,urd,[LANG=urd] آصف زرداری کے مبینہ قریبی ساتھی کے گرفتاری کے بعد اب بے نامی اکاونٹس سے 52 ارب مالیت کی بے نامی جائیدادیں منظر عام پر آگئیں,"[-0.38341671228408813, -1.7430118322372437, -1.4310399293899536, -2.193242311477661, -1.9717626571655273]"
urd_ee571f0749a96e6a338986178ecb3122,ہمارے اداروں پر لینڈ مافیا اورڈرگ مافیا قابض ہے، سراج الحق #Abbtakk,1,1,1,1,1,urd,[LANG=urd] ہمارے اداروں پر لینڈ مافیا اورڈرگ مافیا قابض ہے، سراج الحق #Abbtakk,"[1.5093013048171997, 0.39633047580718994, 0.5904070734977722, -0.005748061463236809, 0.21945379674434662]"
urd_71b6e40b41c94d35a393e6dde18ea04c,کہاں مرگیا موم بتی مافیا لبرل آنٹیاں اور انسانی حقوق کی نام نہاد NGO ان کو برما کے مسلمان کیوں نظر نہیں آتے؟ 😭😡😡,1,1,1,1,1,urd,[LANG=urd] کہاں مرگیا موم بتی مافیا لبرل آنٹیاں اور انسانی حقوق کی نام نہاد NGO ان کو برما کے مسلمان کیوں نظر نہیں آتے؟ 😭😡😡,"[2.4278550148010254, 2.070312261581421, 2.118760824203491, 1.6679102182388306, 1.6073768138885498]"
urd_d5115146c84b92228e488e9656c00f64,شیعہ سنی بھائی بھائی سماج میں مذہبی دہشتگردی کی کوئی جگہ نہیں ۔ شیعہ اور سنی بھائی ہیں @USER,0,0,0,0,0,urd,[LANG=urd] شیعہ سنی بھائی بھائی سماج میں مذہبی دہشتگردی کی کوئی جگہ نہیں ۔ شیعہ اور سنی بھائی ہیں @USER,"[-1.5284464359283447, -1.7200394868850708, -1.4141862392425537, -2.436554193496704, -2.69728684425354]"
urd_094b3259dc03d72373edf72ba22cb497,جو ملک کا غدار @USER موت کا حقدار @USER کے ججز اور فوج کے جرنیلز ملک کے غدار @USER نے جو ملک کے ساتھ کیا کوئی دوشمن بھی نہیں کر سکتا.,1,1,1,1,1,urd,[LANG=urd] جو ملک کا غدار @USER موت کا حقدار @USER کے ججز اور فوج کے جرنیلز ملک کے غدار @USER نے جو ملک کے ساتھ کیا کوئی دوشمن بھی نہیں کر سکتا.,"[1.565014362335205, 0.3924766480922699, 0.4534347653388977, 0.3130128085613251, 0.44583824276924133]"
urd_7444336a6f12aba99129c884cef6c6f2,عوام آئندہ الیکشن میں توشہ خانہ فروشوں کو ووٹ نہیں دیں گے ۔ @USER,1,1,1,1,1,urd,[LANG=urd] عوام آئندہ الیکشن میں توشہ خانہ فروشوں کو ووٹ نہیں دیں گے ۔ @USER,"[2.227456569671631, 1.7052878141403198, 1.9574419260025024, 1.611749291419983, 1.7154159545898438]"
urd_9d2fbae3716a2e2045b801e2eef55837,جب ایک بےشعور ،بداخلاق بدتمیز بدکردار انسان لیڈر بن جاتا ہے تو پھر پورے معاشرے کو بداخلاق اور بد تمیز بنا دیتا ہے,1,1,1,1,1,urd,[LANG=urd] جب ایک بےشعور ،بداخلاق بدتمیز بدکردار انسان لیڈر بن جاتا ہے تو پھر پورے معاشرے کو بداخلاق اور بد تمیز بنا دیتا ہے,"[1.8862239122390747, 1.9436320066452026, 1.9360687732696533, 1.6140204668045044, 1.8871347904205322]"
urd_1750da78f002c015acadb04535676824,تمہیں توہین عدالت برداشت نہیں @URL ہمیں توہین رسالت برداشت نہیں @URL #گستاخان_رسول_کوپھانسی_دو,1,1,1,1,1,urd,[LANG=urd] تمہیں توہین عدالت برداشت نہیں @URL ہمیں توہین رسالت برداشت نہیں @URL #گستاخان_رسول_کوپھانسی_دو,"[1.9640417098999023, 1.6235007047653198, 1.910955548286438, 1.4147629737854004, 1.3140312433242798]"
urd_596a73bc31832e8fd19626729a56524f,@USER لوطی گندے اور گھٹیا لوگ ھو تم لوگ ۔۔۔بیچارے جاھل لوگوں کو بیوقوف بنا رہے ھو ۔۔۔۔۔لعنت ھو تم سب پر,1,1,0,0,0,urd,[LANG=urd] @USER لوطی گندے اور گھٹیا لوگ ھو تم لوگ ۔۔۔بیچارے جاھل لوگوں کو بیوقوف بنا رہے ھو ۔۔۔۔۔لعنت ھو تم سب پر,"[1.8486692905426025, 1.7496758699417114, 1.558178186416626, 1.4589506387710571, 1.927311658859253]"
urd_bdb2e29428a75fa88994642bfea4a158,#امپورٹڈ_حکومت_نامنظور پاکستان جاگ رہا ہے اور کپتان ڈٹ کے کھڑا ہے کوئ وطن فروش بھگ نہ پائے گا,1,0,0,0,0,urd,[LANG=urd] #امپورٹڈ_حکومت_نامنظور پاکستان جاگ رہا ہے اور کپتان ڈٹ کے کھڑا ہے کوئ وطن فروش بھگ نہ پائے گا,"[1.7361829280853271, 1.0148085355758667, 1.0115841627120972, 0.8762625455856323, 0.8847132921218872]"
urd_67702577dd2966312f525587b040fc90,جس طرح کے حالات ہیں کوئی بھی اہلکار امپورٹڈ وزیراعظم کو ٹھوک ہی نا دے۔ #امپورٹڈ_حکومت_نامنظور,1,1,1,1,1,urd,[LANG=urd] جس طرح کے حالات ہیں کوئی بھی اہلکار امپورٹڈ وزیراعظم کو ٹھوک ہی نا دے۔ #امپورٹڈ_حکومت_نامنظور,"[2.280632972717285, 1.145928978919983, 1.2568775415420532, 1.0305633544921875, 1.2540431022644043]"
urd_e9574e6e05cfe8badbd8771d90b279d9,نالائق وزیراعظم عمران خان کی ناقص کارکردگی کے بعد تحریک انصاف سوشل میڈیا ایکٹوسٹ کی ذہنی کیفیت @URL,1,1,1,1,1,urd,[LANG=urd] نالائق وزیراعظم عمران خان کی ناقص کارکردگی کے بعد تحریک انصاف سوشل میڈیا ایکٹوسٹ کی ذہنی کیفیت @URL,"[-1.146532416343689, -2.1192779541015625, -2.090080976486206, -2.479264736175537, -2.614342451095581]"
urd_251a2646fbc7f25df8ed593042efdfd6,توہین عدالت پر از خود نوٹس لینے والے توہین رسالت کی سزاووں پر عملدرآمد نہ ہونے پر بھی نوٹس لے لیں #گستاخ_رسول_کوپھانسی_دو,1,1,1,1,1,urd,[LANG=urd] توہین عدالت پر از خود نوٹس لینے والے توہین رسالت کی سزاووں پر عملدرآمد نہ ہونے پر بھی نوٹس لے لیں #گستاخ_رسول_کوپھانسی_دو,"[-0.12363365292549133, -1.3527348041534424, -0.6477293968200684, -1.5357441902160645, -1.9112675189971924]"
urd_ebb6af1f0caba6e595fae4e22326b6c7,امورٹیڈ، سلیکٹیڈ، رجیکٹیڈ ،بوٹ پالشی، توشہ خان چور،امریکی غلام وغیر وغیرہ یہ سب ایک دوسرے کے خلاف ٹھیک کہہ رہے ہیں۔!! تھوڑا نہیں پورا سوچیں!,1,1,0,0,0,urd,[LANG=urd] امورٹیڈ، سلیکٹیڈ، رجیکٹیڈ ،بوٹ پالشی، توشہ خان چور،امریکی غلام وغیر وغیرہ یہ سب ایک دوسرے کے خلاف ٹھیک کہہ رہے ہیں۔!! تھوڑا نہیں پورا سوچیں!,"[2.4533398151397705, 1.294237732887268, 1.3088988065719604, 1.1287802457809448, 1.3532240390777588]"
urd_f5fe46a2f3617164e87b183b27b2cd72,#توہین_مسجد_نبوی_نامنظور ریاست مدینہ بنان والے اصل ریاست مدینہ دے بے ادب اور گستاخ نکلے آہ تف ھے ان پر۔,1,1,1,1,1,urd,[LANG=urd] #توہین_مسجد_نبوی_نامنظور ریاست مدینہ بنان والے اصل ریاست مدینہ دے بے ادب اور گستاخ نکلے آہ تف ھے ان پر۔,"[2.3458690643310547, 1.8933324813842773, 2.2822611331939697, 1.8122613430023193, 1.5633134841918945]"
urd_ba75accc1afae56f07ef648ea9775bba,بھارتی شہری نے ہم جنس پرستی کا معلوم ہونے پربیوی کو ہی قتل کرڈالا @USER,0,0,0,0,0,urd,[LANG=urd] بھارتی شہری نے ہم جنس پرستی کا معلوم ہونے پربیوی کو ہی قتل کرڈالا @USER,"[0.45172780752182007, 0.24004630744457245, -0.22713175415992737, 0.3227686285972595, -0.42165088653564453]"
urd_4c5312a64cce96acd6c5b3e4ad842fd7,خورشید شاہ شاتم رسول کے زمرے میں آتے ہیں،احمد رضاقصوری,1,1,1,1,1,urd,[LANG=urd] خورشید شاہ شاتم رسول کے زمرے میں آتے ہیں،احمد رضاقصوری,"[1.8044970035552979, 1.498373031616211, 2.1041667461395264, 1.6339055299758911, 1.3132622241973877]"
urd_64328e853cfb22ae36758ba91d913070,حقیقی اسلامی معاشرے کے قیام تک عوام کے مسائل حل ہوںگے اور نہ ہی بھائی چارے کی فضا پیدا ہوسکتی ہے۔ عبدالرشید ترابی,1,1,1,1,1,urd,[LANG=urd] حقیقی اسلامی معاشرے کے قیام تک عوام کے مسائل حل ہوںگے اور نہ ہی بھائی چارے کی فضا پیدا ہوسکتی ہے۔ عبدالرشید ترابی,"[-1.0333151817321777, -1.9762784242630005, -1.4416083097457886, -2.5296504497528076, -2.510706901550293]"
urd_a8e6853b529efe69d883e735235f2a31,"@USER قاعدِ جمہوریت مادرِ جمہوریت دخترِ جمہوریت دامادِ جمہوریت اور اب اولادِ جمہوریت لعنت کروڑ اس جمہوریت پر ""جاگ پاکستان جاگ""",1,1,1,1,1,urd,"[LANG=urd] @USER قاعدِ جمہوریت مادرِ جمہوریت دخترِ جمہوریت دامادِ جمہوریت اور اب اولادِ جمہوریت لعنت کروڑ اس جمہوریت پر ""جاگ پاکستان جاگ""","[1.9492473602294922, 0.782063364982605, 1.0364474058151245, 0.992775022983551, 0.7675530910491943]"
urd_d44baf7e7821d56561e277b1fcb0d6f6,ملک سے اندیھرے مٹانے کے لئے کالا باغ ڈیم اور دوسرے ڈیموں کے اشد ضرورت ہے #WeWantKalaBaghDam,0,0,0,0,0,urd,[LANG=urd] ملک سے اندیھرے مٹانے کے لئے کالا باغ ڈیم اور دوسرے ڈیموں کے اشد ضرورت ہے #WeWantKalaBaghDam,"[0.13393647968769073, -1.6309136152267456, -1.273581862449646, -1.9026036262512207, -1.6629588603973389]"
urd_aa1b6cbc5a0f8bbd2e37c4a8d74362bc,پشتونوں کے وسائل پر پشتونوں کا احتیار یقینی بنانا اور پنجاب کی بالادستی ختم کرنا اے این پی کی سیاست ہے . #AnpQillaSaifullahJalsa,0,0,0,0,0,urd,[LANG=urd] پشتونوں کے وسائل پر پشتونوں کا احتیار یقینی بنانا اور پنجاب کی بالادستی ختم کرنا اے این پی کی سیاست ہے . #AnpQillaSaifullahJalsa,"[1.9750654697418213, 1.7666257619857788, 1.2627344131469727, 1.140763759613037, 1.0173218250274658]"
urd_664563788deafab98910cf1e36ef8322,بس بہت ہو گیا دہشتگردی کے لیبل کے ساتھ پشتون نسل کشی ہم اور برداشت نہیں کرینگے ۔ #HangRaoAnwar #PashtunsRNotTerrorists,1,1,1,1,1,urd,[LANG=urd] بس بہت ہو گیا دہشتگردی کے لیبل کے ساتھ پشتون نسل کشی ہم اور برداشت نہیں کرینگے ۔ #HangRaoAnwar #PashtunsRNotTerrorists,"[1.6001551151275635, 1.6701629161834717, 1.517405390739441, 0.9631329774856567, 1.0073859691619873]"
urd_a68f8c1d42cf5d32894ce9650c495629,تاریخ یاد رکھے گی اس دن ریاست پاکستان نے امریکی سامراج کے آگے ہار مان لی اور وطن فروش سرخرو ہوگئے پاکستان کے لئے یوم سیاہ,1,1,1,1,1,urd,[LANG=urd] تاریخ یاد رکھے گی اس دن ریاست پاکستان نے امریکی سامراج کے آگے ہار مان لی اور وطن فروش سرخرو ہوگئے پاکستان کے لئے یوم سیاہ,"[1.690004587173462, 0.81728196144104, 1.0194851160049438, 0.7954054474830627, 0.8340111970901489]"
urd_6f0c5f4cad7f9ad2d387663060a2b7dc,shame حسن نواز کی آفشور کمپنی کوئینٹ پیڈنگٹن کی دو پارٹنر کمپنیوں کے ڈاریکٹر اسرائیلی یہودی ہیں ، جو کہ عالمی صیہونی کانگریس کے ممبرز ہیں,1,1,1,1,1,urd,[LANG=urd] shame حسن نواز کی آفشور کمپنی کوئینٹ پیڈنگٹن کی دو پارٹنر کمپنیوں کے ڈاریکٹر اسرائیلی یہودی ہیں ، جو کہ عالمی صیہونی کانگریس کے ممبرز ہیں,"[0.2451077103614807, -0.7524572014808655, -0.6225347518920898, -1.964060664176941, -1.686016321182251]"
urd_2ec3f8ac7ab1fd74ad738d4fdf37e187,جمعہ کے روز لاہور سے لانگ مارچ کا آغاز کر رہا ہوں عمران خان نے لانگ مارچ کا اعلان کر دیا,0,0,0,0,0,urd,[LANG=urd] جمعہ کے روز لاہور سے لانگ مارچ کا آغاز کر رہا ہوں عمران خان نے لانگ مارچ کا اعلان کر دیا,"[-1.775109052658081, -2.701772451400757, -2.284560203552246, -2.8092093467712402, -2.8703386783599854]"
urd_f443ac63440361e5970c94cde3353350,آزادی مارچ، وفاقی دارالحکومت کے تعلیمی اداروں میں چھٹیوں بڑھا دی گئیں - آزادی مارچ، وفاقی دارالحکومت @USER @USER,0,0,0,0,0,urd,[LANG=urd] آزادی مارچ، وفاقی دارالحکومت کے تعلیمی اداروں میں چھٹیوں بڑھا دی گئیں - آزادی مارچ، وفاقی دارالحکومت @USER @USER,"[-1.8451519012451172, -2.541016101837158, -2.2487170696258545, -2.8512699604034424, -3.2367165088653564]"
urd_45b0ae4a38238571e2bd145ae3165768,پڑوسیوں کو اقلیتوں کا تحفظ سِکھانے سے قبل اپنے بدبودار موزے اتار لیجیے ۔,1,1,1,1,1,urd,[LANG=urd] پڑوسیوں کو اقلیتوں کا تحفظ سِکھانے سے قبل اپنے بدبودار موزے اتار لیجیے ۔,"[0.5820302367210388, 0.8879256248474121, -0.2758278548717499, 0.3485436737537384, 0.08090793341398239]"
urd_9dd792ffde0057e0208ac28140e6f27d,پاکستان کی تاریخ میں سب سے بڑا مذہب کارڈ تحریک انصاف نے استعمال کیا،  نعرہ ریاست مدینہ کا،   لیکن ساری سپورٹ سکھوں اور قادیانیوں کو,1,1,1,1,1,urd,[LANG=urd] پاکستان کی تاریخ میں سب سے بڑا مذہب کارڈ تحریک انصاف نے استعمال کیا،  نعرہ ریاست مدینہ کا،   لیکن ساری سپورٹ سکھوں اور قادیانیوں کو,"[2.0536999702453613, 1.4466930627822876, 1.8678401708602905, 1.046594500541687, 1.167271614074707]"
urd_9f2a1acb5c07db0c3e2eedc0a0de64c0,سلیکٹرز چاہتے تو تین چار یا پانچ ووٹ بھی گیلانی کے مسترد کرسکتے تھے لیکن انہوں نے 7 ووٹ مسترد کرکے اپنا غصہ ٹھنڈا کیا۔,1,1,1,1,1,urd,[LANG=urd] سلیکٹرز چاہتے تو تین چار یا پانچ ووٹ بھی گیلانی کے مسترد کرسکتے تھے لیکن انہوں نے 7 ووٹ مسترد کرکے اپنا غصہ ٹھنڈا کیا۔,"[-0.5787965655326843, -2.708531379699707, -2.0879781246185303, -2.9095654487609863, -2.580892562866211]"
urd_ddc6d5e785d9b5109acc76232bf8af17,عمران خان اور طاہرالقادری کےمطالبات آئین کی خلاف ورزی ہیں،فیصلہ #NsforPakistan,0,0,0,0,0,urd,[LANG=urd] عمران خان اور طاہرالقادری کےمطالبات آئین کی خلاف ورزی ہیں،فیصلہ #NsforPakistan,"[1.0843126773834229, -0.26511111855506897, -0.061787962913513184, -0.5220456123352051, -0.8110986948013306]"
urd_2d90e422745f51eb5f7858f13b3e5f5a,قادیانیت نے صرف ختم نبوت پہ ہی نہی ڈاکہ مارنے کی کوشش کی بلکہ قادیانیت اصل میں انسانیت کی مجرم ہے حفیظ اللہ سعید @USER @USER @USER #FinalityOfProphethood  #قادیانی_دنیاکابدترین_کافر @USER,1,1,1,1,1,urd,[LANG=urd] قادیانیت نے صرف ختم نبوت پہ ہی نہی ڈاکہ مارنے کی کوشش کی بلکہ قادیانیت اصل میں انسانیت کی مجرم ہے حفیظ اللہ سعید @USER @USER @USER #FinalityOfProphethood  #قادیانی_دنیاکابدترین_کافر @USER,"[0.9736859202384949, 0.5711150169372559, 1.4062026739120483, 0.17388729751110077, 0.2180795520544052]"
urd_8c20ab58eacc56c8f22a158373ed1e71,فلسطینی مائیں عید کے روز بھی لاشیں اٹھاتی رہیں، صیہونی بمباری سے مزید 10افراد شہید @URL #Gaza #Eid @URL,0,0,0,0,0,urd,[LANG=urd] فلسطینی مائیں عید کے روز بھی لاشیں اٹھاتی رہیں، صیہونی بمباری سے مزید 10افراد شہید @URL #Gaza #Eid @URL,"[0.2322963923215866, -0.18376494944095612, -0.4965868294239044, -0.1679629236459732, -0.798992395401001]"
urd_5e26ac58d5d9dbf3f437976c21bf0a94,7 ستمبر وہ عظیم دن ہےجس دن علماء اہلسنت کی کوششوں سے پاکستان کی اسمبلی میں مرزائی قادیانیوں کو کافر قرار دیاگیاتھا #تاجدارختم_نبوت_زندہ_باد,1,1,1,1,1,urd,[LANG=urd] 7 ستمبر وہ عظیم دن ہےجس دن علماء اہلسنت کی کوششوں سے پاکستان کی اسمبلی میں مرزائی قادیانیوں کو کافر قرار دیاگیاتھا #تاجدارختم_نبوت_زندہ_باد,"[0.5869418382644653, 0.21020661294460297, 0.9112961888313293, -0.106913261115551, -0.1662466675043106]"
urd_d4754c72ef0f760ac4382ff3d55595f6,"اور آج اسی عوام میں سے کچھ جاہل ذہنی غلام اٹھ کر پوچھتے ہیں  ""عمران خان کا ذریعہ معاش کیا ہے """,1,0,0,0,0,urd,"[LANG=urd] اور آج اسی عوام میں سے کچھ جاہل ذہنی غلام اٹھ کر پوچھتے ہیں  ""عمران خان کا ذریعہ معاش کیا ہے ""","[2.3529200553894043, 1.4023033380508423, 1.5572941303253174, 1.33085036277771, 1.424888253211975]"
urd_f585d7a8c112b18f3bbe6ab2f0a0a81d,سنی، اہل حدیث سب کے علماء تمام پیر اور تمام صوفی اسی مطالبہ پر متفق و متحد ہیں کہ مرزائی کافر ہیں @USER,1,1,1,1,1,urd,[LANG=urd] سنی، اہل حدیث سب کے علماء تمام پیر اور تمام صوفی اسی مطالبہ پر متفق و متحد ہیں کہ مرزائی کافر ہیں @USER,"[-0.7311696410179138, -0.9237139821052551, 0.06084863841533661, -1.7671680450439453, -1.425947666168213]"
urd_922e841ff1ba3ff7619b8f46214f98ba,بس اتنا یاد رکھنا لسانیت اور عصبیت کفر ھے اور جو اس کا ارتکاب کرے گا سمجھو کفر @URL اللہ کی رسی کو مظبوتی سے تھامو اور تفرقے میں مت پڑھو.,0,0,0,0,0,urd,[LANG=urd] بس اتنا یاد رکھنا لسانیت اور عصبیت کفر ھے اور جو اس کا ارتکاب کرے گا سمجھو کفر @URL اللہ کی رسی کو مظبوتی سے تھامو اور تفرقے میں مت پڑھو.,"[0.4881667196750641, 0.7736255526542664, 1.1820071935653687, 0.7436431646347046, 0.5439762473106384]"
urd_3ae1e4ab796fdc872e4ef0979d9d8fe7,صف ماتم بچھ گیا اور دھواں دھواں ہو گیا دین دشمن لبرلز کی دنیا میں #WeSaluteKhadimRizvi,1,1,1,1,1,urd,[LANG=urd] صف ماتم بچھ گیا اور دھواں دھواں ہو گیا دین دشمن لبرلز کی دنیا میں #WeSaluteKhadimRizvi,"[2.271850109100342, 1.726568341255188, 2.2482402324676514, 1.6391172409057617, 1.6310404539108276]"
urd_0427e0f3fba79ac8ac7fc856e46c7778,لوٹوں کے گھروں کو آگ لگانے چاہیے ؟؟ . #لوٹوں_کو_گھسیٹو,1,1,1,1,1,urd,[LANG=urd] لوٹوں کے گھروں کو آگ لگانے چاہیے ؟؟ . #لوٹوں_کو_گھسیٹو,"[1.903873324394226, 1.8273049592971802, 1.364698886871338, 1.337864875793457, 1.3215643167495728]"
urd_5af7e6a5598bfc2d518f1ad99c771694,یہ نانی اماں کا #وقاص_گورائیہ_دَلّال سب سے خاص ٹاؤٹ ہے,1,1,1,1,1,urd,[LANG=urd] یہ نانی اماں کا #وقاص_گورائیہ_دَلّال سب سے خاص ٹاؤٹ ہے,"[2.191032886505127, 1.3014577627182007, 0.7389037609100342, 1.5627031326293945, 1.0381946563720703]"
urd_5e9d6ef1e6be8c98737f64585a1a2bd3,نانی نے جلسی میں کہا کہ میرے پاس بھی بہت ثبوت ہیں دیکھا کوئی گندی video جو تم سب باپ بیٹی نے مل کر بنائی ہے نانی کھسرا لوطی,1,1,1,1,1,urd,[LANG=urd] نانی نے جلسی میں کہا کہ میرے پاس بھی بہت ثبوت ہیں دیکھا کوئی گندی video جو تم سب باپ بیٹی نے مل کر بنائی ہے نانی کھسرا لوطی,"[2.2081894874572754, 1.5342909097671509, 1.3085883855819702, 1.9330838918685913, 1.3453514575958252]"
urd_f452eaeeaef4d290476794dd60e4cefe,جمہوریت آئے گی خوشحالی لائے گی:نواز و شہباز عوام کو جمہوریت نہیں بجلی چاہیے:شہباز مطلب کے جمہوریت نے کچھ نہیں دیا ہمیں,1,1,1,1,1,urd,[LANG=urd] جمہوریت آئے گی خوشحالی لائے گی:نواز و شہباز عوام کو جمہوریت نہیں بجلی چاہیے:شہباز مطلب کے جمہوریت نے کچھ نہیں دیا ہمیں,"[1.4952199459075928, -0.0074372789822518826, 0.5092377066612244, -0.012616639956831932, -0.21113362908363342]"
urd_0e71a2a07742d1e6c6edbbb0aa25b226,ن لیگ سے زیادہ پاکستانی میڈیا کرپٹ ھے @USER,1,1,1,1,1,urd,[LANG=urd] ن لیگ سے زیادہ پاکستانی میڈیا کرپٹ ھے @USER,"[2.0696568489074707, 1.3541580438613892, 0.97672438621521, 1.1228350400924683, 1.438584327697754]"
urd_28c58be2ece0cc0387335ffea0aed1ac,اطلاع کیلئے عرض ہے نیا پاکستان=کشمیر+پاکستان,0,0,0,0,0,urd,[LANG=urd] اطلاع کیلئے عرض ہے نیا پاکستان=کشمیر+پاکستان,"[-0.21003763377666473, -1.3115490674972534, -1.5276241302490234, -1.6945276260375977, -1.9405186176300049]"
urd_bd684fc9b9bd0b5ed9fcc5a624e64468,آقا تیری شان کی خاطر دل بھی حاضر جان بھی حاضربولو بولو کیا چاہیے گستاخ نبی کا سر چاہیے #IAmMumtazQadri,1,1,1,1,1,urd,[LANG=urd] آقا تیری شان کی خاطر دل بھی حاضر جان بھی حاضربولو بولو کیا چاہیے گستاخ نبی کا سر چاہیے #IAmMumtazQadri,"[2.0796971321105957, 1.8823477029800415, 2.2962357997894287, 1.6820186376571655, 1.4949389696121216]"
urd_2b45b22f069fec818b446659d57a7954,پورے بھارتیوں میں اقلیتوں کو ہندو انتہا پسندوں کے خلاف اٹھ کھڑے ہونا ہو گا ان کی مذہبی آزادی اور زندگی کے تحفظ کا اس کے علاوہ کوئی راستہ نہیں #KashmirKhalistan_AJointCall,1,1,1,1,1,urd,[LANG=urd] پورے بھارتیوں میں اقلیتوں کو ہندو انتہا پسندوں کے خلاف اٹھ کھڑے ہونا ہو گا ان کی مذہبی آزادی اور زندگی کے تحفظ کا اس کے علاوہ کوئی راستہ نہیں #KashmirKhalistan_AJointCall,"[-1.079188585281372, -1.7766376733779907, -1.3849729299545288, -2.904015302658081, -2.9037880897521973]"
urd_1d7323a7bcc9ddd910a9c0d34666de9c,لاہور ہائیکورٹ جس نے بھگت سنگھ کو پھانسی دی اس سے بڑا بوٹ پالشیا حرامی دونمبر ہائی کورٹ کوئی نہیں ہوسکتا!,1,0,0,0,0,urd,[LANG=urd] لاہور ہائیکورٹ جس نے بھگت سنگھ کو پھانسی دی اس سے بڑا بوٹ پالشیا حرامی دونمبر ہائی کورٹ کوئی نہیں ہوسکتا!,"[2.1520557403564453, 1.6636778116226196, 1.8370518684387207, 1.5228562355041504, 1.6043367385864258]"
urd_b007aa8ffd142020dac2abede79933c5,نواز شریف آپ کا خواب آپ کے پاس  ہم بلوچوں کو آزادی کی ضرورت ہے۔,0,0,0,0,0,urd,[LANG=urd] نواز شریف آپ کا خواب آپ کے پاس  ہم بلوچوں کو آزادی کی ضرورت ہے۔,"[1.8432106971740723, 1.7177566289901733, 1.3691643476486206, 1.3952019214630127, 1.2879929542541504]"
urd_014ae43e00dd1d77ae472761c04a870d,کرائم منسٹر آج پورا دن نیوز میں نہیں آیا #امپورٹڈ__حکومت__نامنظور,1,1,1,1,1,urd,[LANG=urd] کرائم منسٹر آج پورا دن نیوز میں نہیں آیا #امپورٹڈ__حکومت__نامنظور,"[2.332702875137329, 1.2677111625671387, 1.3213127851486206, 1.1571592092514038, 1.2959766387939453]"
urd_3d419288931ec01c047370e1fa229068,یہ اشرافیہ کبھی اردو کو قبول نہیں کرے گی ۔,1,1,1,1,1,urd,[LANG=urd] یہ اشرافیہ کبھی اردو کو قبول نہیں کرے گی ۔,"[1.7852027416229248, 1.1588034629821777, 0.9503620266914368, 1.055246353149414, 1.04024338722229]"
urd_bf68e61081be6eadaebc866b0f02d73c,ایک یوٹرن کے بعد دوسرا یوٹرن اس لئے مارا جاتا ہے تاکہ پچھلے پر ہونے والی تنقید کو نئے یوٹرن کی طرف موڑ لیا جائے. #یوٹرن_کے_فضائل,1,1,1,1,1,urd,[LANG=urd] ایک یوٹرن کے بعد دوسرا یوٹرن اس لئے مارا جاتا ہے تاکہ پچھلے پر ہونے والی تنقید کو نئے یوٹرن کی طرف موڑ لیا جائے. #یوٹرن_کے_فضائل,"[-1.3422682285308838, -2.532382011413574, -1.7347098588943481, -2.5046873092651367, -2.1878039836883545]"
urd_9d18f24e1f680fcc68e7a8bc4e90c985,امریکی ایجنٹ ریمنڈ ڈیوس رھا ھوا وزیر خارجہ شاہ محمود تھا اور اب آسیہ کے فرار پہ یہی شاہ صاحب وزیر خارجہ ھے 😡,1,1,1,1,1,urd,[LANG=urd] امریکی ایجنٹ ریمنڈ ڈیوس رھا ھوا وزیر خارجہ شاہ محمود تھا اور اب آسیہ کے فرار پہ یہی شاہ صاحب وزیر خارجہ ھے 😡,"[1.3177871704101562, -0.4869854152202606, -0.10654119402170181, -0.3668804466724396, -0.22764746844768524]"
urd_de1047f63ced54f4fbb222a6fe69caf6,اس وقت لنڈے کے دیسی لبرلز کو آگ لگی وی کہ عمران خان نے ایک پردے والی خاتوں سے کیوں شادی کرلی۔,1,1,1,1,1,urd,[LANG=urd] اس وقت لنڈے کے دیسی لبرلز کو آگ لگی وی کہ عمران خان نے ایک پردے والی خاتوں سے کیوں شادی کرلی۔,"[2.538254737854004, 1.377149224281311, 1.4694336652755737, 1.9470617771148682, 1.2277933359146118]"
urd_d629990e3f048a99ab2de46c6332b775,تو پاکستانیوں پہچان لو دہشتگردوں کو پھانسی سے بچانے والے  اقوام متحدہ  انسانی حقوق کی تنظیمیں  ایم کیو ایم  پیپلز پارٹی  لبرل سیکولر آنٹیاں,1,1,1,1,1,urd,[LANG=urd] تو پاکستانیوں پہچان لو دہشتگردوں کو پھانسی سے بچانے والے  اقوام متحدہ  انسانی حقوق کی تنظیمیں  ایم کیو ایم  پیپلز پارٹی  لبرل سیکولر آنٹیاں,"[2.311008930206299, 1.666987419128418, 1.7611066102981567, 1.5557830333709717, 1.4920413494110107]"
urd_0bfa66febde2a207ad4f810eba57846a,#منظورپشتین_کوپٹاڈالو افغانستان میں معصوم پشتونوں پر نیٹو اور امریکی افواج کی بمباری پر منظور پشتین کیوں نہیں بولا کیونکہ کتی چوروں نال ملی ھے @URL,1,1,1,1,1,urd,[LANG=urd] #منظورپشتین_کوپٹاڈالو افغانستان میں معصوم پشتونوں پر نیٹو اور امریکی افواج کی بمباری پر منظور پشتین کیوں نہیں بولا کیونکہ کتی چوروں نال ملی ھے @URL,"[1.2305781841278076, 0.939398467540741, 0.5152786374092102, 0.40075579285621643, 0.3819234371185303]"
urd_571b081c299a7031282567b462a59ca1,قادیانیت کے بھرپور دفاع کے بعد ذہنی غلام آپکو سی پیک کے نقصانات بتائیں گے #CPEC #saveCPEC,1,1,1,1,1,urd,[LANG=urd] قادیانیت کے بھرپور دفاع کے بعد ذہنی غلام آپکو سی پیک کے نقصانات بتائیں گے #CPEC #saveCPEC,"[2.3690202236175537, 1.7535825967788696, 2.1012723445892334, 1.6088472604751587, 1.5926557779312134]"
urd_8a9d391fa723bf5727d68f2e1efa91fc,ذہنی غلام اور جانور میں صرف اتنا فرق ہے کہ جانور بول نہیں @USER اور ذہنی غلام وہی بولتے ہیں جو اُن کو سکھایا جاتا @USER,1,1,1,1,1,urd,[LANG=urd] ذہنی غلام اور جانور میں صرف اتنا فرق ہے کہ جانور بول نہیں @USER اور ذہنی غلام وہی بولتے ہیں جو اُن کو سکھایا جاتا @USER,"[1.921107292175293, 1.3078421354293823, 1.5637811422348022, 1.3849897384643555, 1.4395579099655151]"
urd_79a997bcfd0d5da63012bcdcba1d2961,تھوڑی جیا میوزک وچ دے توں اسلامی ٹچ، نچ یوتھیے نچ یوتھیے نچ یوتھیے نچ,1,1,1,1,1,urd,[LANG=urd] تھوڑی جیا میوزک وچ دے توں اسلامی ٹچ، نچ یوتھیے نچ یوتھیے نچ یوتھیے نچ,"[1.8155826330184937, 1.4267605543136597, 1.5141663551330566, 1.104514718055725, 1.3714499473571777]"
urd_69cf9acc39e9fc4c01de23ccedc2fc48,میرا جسم میری مرضی کہنے والی لڑکیاں آنٹیاں قیامت کے دن فاطمۃ الزھراء رضی اللہ عنہا کا سامنا کیسی کریں گی۔,0,0,1,1,0,urd,[LANG=urd] میرا جسم میری مرضی کہنے والی لڑکیاں آنٹیاں قیامت کے دن فاطمۃ الزھراء رضی اللہ عنہا کا سامنا کیسی کریں گی۔,"[1.6432020664215088, 1.6663001775741577, 1.6610263586044312, 2.352205276489258, 1.1647652387619019]"
urd_bfc098f4db43a3972cd54b8012ef4fec,صیہونی مرزاءی لابی نے عمران کے لئے 20 ہزار کے ہال کو اسپانسر کیا مشرف کی طرح,1,0,1,0,0,urd,[LANG=urd] صیہونی مرزاءی لابی نے عمران کے لئے 20 ہزار کے ہال کو اسپانسر کیا مشرف کی طرح,"[1.9559701681137085, 1.2272394895553589, 1.7981462478637695, 0.9468079805374146, 1.1683859825134277]"
urd_b4aa6d35cf7492cc77f6e322784ee39a,ذرا سوچئیے۔۔۔ حکومت کا لانگ مارچ کی اجازت نا دینے کا فیصلہ، لانگ مارچ کو روکنے کا حکم جاری,0,0,0,0,0,urd,[LANG=urd] ذرا سوچئیے۔۔۔ حکومت کا لانگ مارچ کی اجازت نا دینے کا فیصلہ، لانگ مارچ کو روکنے کا حکم جاری,"[-0.5996771454811096, -2.0995988845825195, -1.8879036903381348, -2.3576653003692627, -2.335256576538086]"
urd_c636f683ce278d6d1ccfbc10d9fa40d2,آزادی مارچ میں رقص و سرور کے مناظر دیکھ کر خیال آیا کہ اسکا نام مادر پدر آزادی مارچ ھونا چاھیئے! #PTI #ImranKhan #Islamabad,1,1,1,1,1,urd,[LANG=urd] آزادی مارچ میں رقص و سرور کے مناظر دیکھ کر خیال آیا کہ اسکا نام مادر پدر آزادی مارچ ھونا چاھیئے! #PTI #ImranKhan #Islamabad,"[-1.1365487575531006, -2.494959831237793, -2.1642515659332275, -2.5759384632110596, -2.681377410888672]"
urd_55c50deb9dacbed848c863e941068176,پاکستان کی لبرل آنٹیاں #InternationalWomensDay کے نام پر بے حیائی چاہتی @URL #AuratAzadiMarch2019,1,1,1,1,1,urd,[LANG=urd] پاکستان کی لبرل آنٹیاں #InternationalWomensDay کے نام پر بے حیائی چاہتی @URL #AuratAzadiMarch2019,"[2.427460193634033, 1.5806058645248413, 1.593586802482605, 1.9545795917510986, 1.387514591217041]"
urd_3ef3292c094e4194e646b4f9f119f4c1,ایم کیو ایم صرف مہاجروں کی نہیں پنجابیوں کی بهی پہچان ہے. ایم کیو ایم پنجاب,0,0,0,0,0,urd,[LANG=urd] ایم کیو ایم صرف مہاجروں کی نہیں پنجابیوں کی بهی پہچان ہے. ایم کیو ایم پنجاب,"[1.016113042831421, 0.6901302337646484, 0.3224933445453644, -0.1364424079656601, -0.16443175077438354]"
urd_2e5ec5ac836b322a89bf7a5f1537fe87,گلالئ اسماعیل @USER کون ہے گلالئ اسماعیل کا طرح ہم جنس پرستی پھیلانے کیلئے کوشاں ہے آئیے دیکھتے ہیں تفصیلی رپورٹ. @USER @USER @USER @USER @USER @USER,1,1,0,1,0,urd,[LANG=urd] گلالئ اسماعیل @USER کون ہے گلالئ اسماعیل کا طرح ہم جنس پرستی پھیلانے کیلئے کوشاں ہے آئیے دیکھتے ہیں تفصیلی رپورٹ. @USER @USER @USER @USER @USER @USER,"[1.3604761362075806, -0.36185500025749207, -0.26072829961776733, 0.5308829545974731, 0.10835236310958862]"
urd_93bd8347f76a50d034c421d7b7b3d346,اب اس شرمناک بات پرکیاکہاجائےکہ پاکستانی اسٹیبلشمنٹ ماڈل ٹاؤن قتل عام اورقصورقتل عام @USER @USER,1,0,0,0,0,urd,[LANG=urd] اب اس شرمناک بات پرکیاکہاجائےکہ پاکستانی اسٹیبلشمنٹ ماڈل ٹاؤن قتل عام اورقصورقتل عام @USER @USER,"[0.4295772612094879, -0.9353778958320618, -0.7503217458724976, -1.369490385055542, -1.210263729095459]"
urd_0c29e08c6ec39210c66f1670d47163f1,قوم یوتھ اب اسکو بھی ڈیفینڈ کرنا @USER,0,0,0,0,0,urd,[LANG=urd] قوم یوتھ اب اسکو بھی ڈیفینڈ کرنا @USER,"[1.7176891565322876, 0.4775410294532776, 0.7358468770980835, 0.4618377089500427, 0.6624810695648193]"
urd_e70475455359695ba54d2b0ccb85a35e,بابا جی فرماتے ہیں پتر کچھ لوگ فساد کی جڑ نہیں پورا درخت ہوتے ہی۔۔ جیسا کہ مولانا ڈیزل 🙄🙄🙄 #فسادی_مارچ_نامنظور,1,0,0,0,0,urd,[LANG=urd] بابا جی فرماتے ہیں پتر کچھ لوگ فساد کی جڑ نہیں پورا درخت ہوتے ہی۔۔ جیسا کہ مولانا ڈیزل 🙄🙄🙄 #فسادی_مارچ_نامنظور,"[1.6619658470153809, 0.9309338927268982, 1.7733477354049683, 0.8802482485771179, 1.2774040699005127]"
urd_0d29eefceeea4289ab35ae1889daa1af,بیشک پاکستان کا لبڑل سیکولر(موم بتی مافیہ)پاکستان کاسب سے بڑا حرامی طبقہ ہے,1,1,1,1,1,urd,[LANG=urd] بیشک پاکستان کا لبڑل سیکولر(موم بتی مافیہ)پاکستان کاسب سے بڑا حرامی طبقہ ہے,"[2.028937816619873, 1.1181919574737549, 2.164714813232422, 0.6367874145507812, 1.4374244213104248]"
urd_e4a961fbbbe8ce2cf163c674f164aa20,آج کی پریس کانفرنس نے جو ایک دبیز پردہ تھا سازش کے اوپر بیرونی مداخلت کا بتا کر وہ پردہ بھی اپنے ہاتھوں سے ہٹا دیا #امپورٹڈ_حکومت_نامنظور,1,0,0,0,0,urd,[LANG=urd] آج کی پریس کانفرنس نے جو ایک دبیز پردہ تھا سازش کے اوپر بیرونی مداخلت کا بتا کر وہ پردہ بھی اپنے ہاتھوں سے ہٹا دیا #امپورٹڈ_حکومت_نامنظور,"[1.9098559617996216, 0.5569941401481628, 0.8269456028938293, 0.4580150842666626, 0.6483287215232849]"
urd_99212f0157a6389c76d16f248dae7ebf,پارٹی صدر وہی ہوگا جو نواز شریف کا بیانیہ دیدہ دلیری سے آگے لے کر چلے گا ۔ #لوٹ_آو_نہ_مریم_آپی @USER,0,0,0,0,0,urd,[LANG=urd] پارٹی صدر وہی ہوگا جو نواز شریف کا بیانیہ دیدہ دلیری سے آگے لے کر چلے گا ۔ #لوٹ_آو_نہ_مریم_آپی @USER,"[1.6717358827590942, 0.7172574400901794, 0.5791639089584351, 0.7986729145050049, 0.6547586917877197]"
urd_80809f509697524656d8629b3caf8549,صیہونی فوج کی غزہ پر حملے جاری ، 174 فلسطینی شہید 1100 سے زائد زخمی @USER Such Tv,0,0,0,0,0,urd,[LANG=urd] صیہونی فوج کی غزہ پر حملے جاری ، 174 فلسطینی شہید 1100 سے زائد زخمی @USER Such Tv,"[-1.8528578281402588, -2.5616648197174072, -2.387768507003784, -3.034259796142578, -3.263404130935669]"
urd_cfde0c97a7984dc3a2911ffebbb4e689,کشمیر مذمت سے نہیں ہندو کی مرمت سے آزاد ہو گا۔ #IndiaInvadedJK27OCT1947,1,1,1,1,1,urd,[LANG=urd] کشمیر مذمت سے نہیں ہندو کی مرمت سے آزاد ہو گا۔ #IndiaInvadedJK27OCT1947,"[1.4497801065444946, 1.5549086332321167, 1.4332634210586548, 1.0757215023040771, 0.9097941517829895]"
urd_aecbfefcc5cc50ea18691ae216cdd466,انڈین فلمیں چلا کر پاکستانی میڈیا انڈین فائرنگ کا منہ توڑ جواب دے رہا ہے :(,0,0,0,0,0,urd,[LANG=urd] انڈین فلمیں چلا کر پاکستانی میڈیا انڈین فائرنگ کا منہ توڑ جواب دے رہا ہے :(,"[2.0667858123779297, 1.699118971824646, 1.3465336561203003, 1.282577395439148, 1.5271990299224854]"
urd_2eddb81050ee8489fe7a251ba84a405e,حلقہ بندیوں کے ذریعے اکثریت کو اقلیت میں بدل دیاگیا ،خالد مقبول صدیقی,0,0,0,0,0,urd,[LANG=urd] حلقہ بندیوں کے ذریعے اکثریت کو اقلیت میں بدل دیاگیا ،خالد مقبول صدیقی,"[-1.8508018255233765, -2.496497869491577, -2.2259156703948975, -2.6136343479156494, -2.7217929363250732]"
urd_0cdd9db1dff475c4cd96ade25ec5f17f,قدامت پسند جیت گئے اور لبرلز ھار گئے. #Brexit نیکسٹ ونر چاچو ٹرمپ ھوناچاھیے.,1,1,1,1,1,urd,[LANG=urd] قدامت پسند جیت گئے اور لبرلز ھار گئے. #Brexit نیکسٹ ونر چاچو ٹرمپ ھوناچاھیے.,"[1.8878142833709717, 0.9392860531806946, 0.8385975360870361, 0.931541919708252, 0.615532398223877]"
urd_570b19d1b2e0bb1e14b4d92219700347,معلوم ہوا لائیو کال پروگرام صرف سلیکٹرز کو یہ بات بتانی تھی کہ #مولاناآرہاہے,1,1,1,1,1,urd,[LANG=urd] معلوم ہوا لائیو کال پروگرام صرف سلیکٹرز کو یہ بات بتانی تھی کہ #مولاناآرہاہے,"[0.6245928406715393, -1.1376663446426392, -0.5727006793022156, -1.2410244941711426, -1.2880053520202637]"
urd_4875a896158b518690172a8e7ea200cc,طالبان کا جو حامی ہے ، حرامی ہے حرامی ہے #CrushTTP,1,1,1,1,1,urd,[LANG=urd] طالبان کا جو حامی ہے ، حرامی ہے حرامی ہے #CrushTTP,"[2.5094122886657715, 1.9363833665847778, 2.108565092086792, 1.7364511489868164, 1.5340673923492432]"
urd_fed016cdb744d59aff1b982fb39fcc2c,کیا ایسے لوگ غیر مسلم اقلیت ہو سکتے ہیں @USER,0,0,0,0,0,urd,[LANG=urd] کیا ایسے لوگ غیر مسلم اقلیت ہو سکتے ہیں @USER,"[-2.028899669647217, -1.9895333051681519, -2.0775341987609863, -3.132371187210083, -3.013988494873047]"
urd_61e5333faf044a6296ac9dfb8bb5f915,#AwamKiZidNawazSharif نواز شریف کا بیانیہ درست ثابت ہوا بغض نواز کھل کر سامنے آگیا لیکن ہمارے دل کی دھڑکن نوازشریف ہے۔۔ @USER,0,0,0,0,0,urd,[LANG=urd] #AwamKiZidNawazSharif نواز شریف کا بیانیہ درست ثابت ہوا بغض نواز کھل کر سامنے آگیا لیکن ہمارے دل کی دھڑکن نوازشریف ہے۔۔ @USER,"[0.3770695924758911, -0.7954027056694031, -0.917245090007782, -1.2162666320800781, -1.0791531801223755]"
urd_17135270e27b7b464d6a9be238316eda,گجرات والوں سے گزارش ہے کہ اپنے قیمتی اشیا کی حفاظت خود کریں کیونکہ بده کو ایک انٹرنیشنل اور عدالت سے سرٹیفائیڈ #چور جی ٹی روڈ سے گزرے گا.,1,1,1,1,1,urd,[LANG=urd] گجرات والوں سے گزارش ہے کہ اپنے قیمتی اشیا کی حفاظت خود کریں کیونکہ بده کو ایک انٹرنیشنل اور عدالت سے سرٹیفائیڈ #چور جی ٹی روڈ سے گزرے گا.,"[0.9412218928337097, 1.1197680234909058, 0.37005776166915894, 0.0721893161535263, 0.5362527966499329]"
urd_3d790a7aaf9aa2d508ddfb573d7ea510,صدیق بلوچ کی جعلی ڈگری کیساتھ جعلی مینڈیٹ دلوانے واسطے آج ہے  #بنو_رائےونڈکےروشن_سپوت,1,1,1,1,1,urd,[LANG=urd] صدیق بلوچ کی جعلی ڈگری کیساتھ جعلی مینڈیٹ دلوانے واسطے آج ہے  #بنو_رائےونڈکےروشن_سپوت,"[2.642526626586914, 1.7948695421218872, 1.7770520448684692, 1.3683602809906006, 1.6468799114227295]"
urd_26496bcb8dcd0cd299993993d71dba35,لبرلز اور لفافیوں کا ورلڈاکمنامک فورم کو گالیاں دینے کا وقت ہوا چاہتا ہے #ourkaptaanourpride #imrankhanpti,1,0,0,0,0,urd,[LANG=urd] لبرلز اور لفافیوں کا ورلڈاکمنامک فورم کو گالیاں دینے کا وقت ہوا چاہتا ہے #ourkaptaanourpride #imrankhanpti,"[2.5052995681762695, 1.542702555656433, 1.5093530416488647, 1.412773847579956, 1.4867430925369263]"
urd_f36738d41c17c40da1e2e141bc5c734d,#JusticeShaukatAzizSiddiqui بتلا دو گستاخ نبی کوغیرت مسلم زنده ہے ان پر مر مٹنے کا جذبہ کل بھی تھا اور آج بھی ہے صلى الله تعالى على محمد,1,1,1,1,1,urd,[LANG=urd] #JusticeShaukatAzizSiddiqui بتلا دو گستاخ نبی کوغیرت مسلم زنده ہے ان پر مر مٹنے کا جذبہ کل بھی تھا اور آج بھی ہے صلى الله تعالى على محمد,"[1.8088419437408447, 1.5789893865585327, 2.0982444286346436, 1.5423587560653687, 1.4680107831954956]"
urd_aab8d4ccca4df4929cef9064b409b1e9,تحفظ ناموس رسالت کے لیے تمام جماعتیں ساتھ ہیں، مولانا فضل الرحمن #Save295C_HangAsiaMaseh,0,0,0,0,0,urd,[LANG=urd] تحفظ ناموس رسالت کے لیے تمام جماعتیں ساتھ ہیں، مولانا فضل الرحمن #Save295C_HangAsiaMaseh,"[-0.3836933970451355, -1.6441526412963867, -0.8789030909538269, -2.182873010635376, -2.3036835193634033]"
urd_440624e37ed0ad7ad3912c5ef545f650,نکلو اس مادرچود سرٹیفائیڈ چور حرامزادے کے لیے #نکلو_اسلام_آباد_کی_طرف,1,1,1,1,1,urd,[LANG=urd] نکلو اس مادرچود سرٹیفائیڈ چور حرامزادے کے لیے #نکلو_اسلام_آباد_کی_طرف,"[2.1491751670837402, 1.9155374765396118, 2.326693296432495, 1.4140983819961548, 1.5876336097717285]"
urd_fd20d74cb0c5727e9cab2ae7a69d8993,مسلم لیگ ن اور پیپلز پارٹی فوج مخالف بیانیہ پر چل رہے تھے کچھ جوانوں کو جوش آ گیا😠😠 انہوں نے ٹھپے لگا دئے😂 (جی بی نتیجہ سامنے)😜,1,1,1,1,1,urd,[LANG=urd] مسلم لیگ ن اور پیپلز پارٹی فوج مخالف بیانیہ پر چل رہے تھے کچھ جوانوں کو جوش آ گیا😠😠 انہوں نے ٹھپے لگا دئے😂 (جی بی نتیجہ سامنے)😜,"[1.021946907043457, -0.779289186000824, -0.64886075258255, -0.9512268304824829, -0.6135399341583252]"
urd_275e2c6af01850e9d64b95dc1db5011b,اعظم سواتی کہ گھٹیا پن سے پٹواریوں کہ مردہ ضمیر زندہ ھوگئے جو ماڈل ٹاؤن قتلِ عام چینلز پر براہ راست دیکھ کر سالوں زندہ نہ ہوۓ.,1,1,1,1,1,urd,[LANG=urd] اعظم سواتی کہ گھٹیا پن سے پٹواریوں کہ مردہ ضمیر زندہ ھوگئے جو ماڈل ٹاؤن قتلِ عام چینلز پر براہ راست دیکھ کر سالوں زندہ نہ ہوۓ.,"[2.509862184524536, 1.626226782798767, 1.7621926069259644, 1.5784348249435425, 1.5483057498931885]"
urd_4a3baacb5edea02e91130f60bd2dc40f,"جب کالے کوٹ والوں نے باہر دمادم مست قلندر کیا تو جج اندر دعائیں کررھے ہوں گے ""میاں صاحب آپ افتخار چوہدری کیلئے نکلے تھے اج سانوں وی بچا لو""",0,0,0,0,0,urd,"[LANG=urd] جب کالے کوٹ والوں نے باہر دمادم مست قلندر کیا تو جج اندر دعائیں کررھے ہوں گے ""میاں صاحب آپ افتخار چوہدری کیلئے نکلے تھے اج سانوں وی بچا لو""","[2.089238166809082, 1.145171046257019, 1.3199068307876587, 1.2430076599121094, 1.1680152416229248]"
urd_4319714c83a32bad77fb7ee41f3b0904,مقبوضہ کشمیرمیں مسلمانوں کو اقلیت بنانےکی سازش کیخلاف مکمل شٹ ڈاؤن,0,0,0,0,0,urd,[LANG=urd] مقبوضہ کشمیرمیں مسلمانوں کو اقلیت بنانےکی سازش کیخلاف مکمل شٹ ڈاؤن,"[0.9318123459815979, 0.2183089703321457, 0.47264960408210754, -0.3956741988658905, -0.41391879320144653]"
urd_799282f5c5943befb3377c5df4222818,صدارتی نظام کی آوازیں پھر بم دھماکے اگے تسی سمجھدار ہو,1,1,1,1,1,urd,[LANG=urd] صدارتی نظام کی آوازیں پھر بم دھماکے اگے تسی سمجھدار ہو,"[0.32963815331459045, -2.110325813293457, -1.4273321628570557, -2.308027505874634, -2.0044209957122803]"
urd_15d8b9f5a75d28290b0006ca98988974,غریب سندھیوں کیلئے سندھ میں کتنے اسکول ہیں۔ ۔ الطاف حسین #MohajirSooba #TheRightman,1,1,1,0,0,urd,[LANG=urd] غریب سندھیوں کیلئے سندھ میں کتنے اسکول ہیں۔ ۔ الطاف حسین #MohajirSooba #TheRightman,"[1.4196274280548096, 1.037948489189148, 1.0764681100845337, 0.7959836721420288, 0.9340455532073975]"
urd_77d25a67874c1077a4a663ad200265b3,نواز شریف ہمیشہ اپنے امپائروں کی مدد سے کھیلتا تھا ، اس نے اس قوم کا پیسہ چوری کیا ، عمران خان #IKonGEO,1,1,1,1,1,urd,[LANG=urd] نواز شریف ہمیشہ اپنے امپائروں کی مدد سے کھیلتا تھا ، اس نے اس قوم کا پیسہ چوری کیا ، عمران خان #IKonGEO,"[0.5224314332008362, -0.4963575303554535, -0.41235190629959106, -0.7753815650939941, -0.7251859903335571]"
urd_21628f19cde9dcd3ce5d6f245e837461,زعیم قادری کے پریس کانفرنس سے ایک بات تو واضح ہوگی کے پٹواری سب بوٹ پالشیا ہے 😂😂😂😂 #SendSharifsToJail,1,1,0,0,0,urd,[LANG=urd] زعیم قادری کے پریس کانفرنس سے ایک بات تو واضح ہوگی کے پٹواری سب بوٹ پالشیا ہے 😂😂😂😂 #SendSharifsToJail,"[2.6302809715270996, 1.7240573167800903, 1.536843180656433, 1.5475293397903442, 1.4856505393981934]"
urd_9bdc876872ca7d753016b0e8ccedc2c2,پاکستانی ڈراموں کی آڑ میں قرآن کی آیات کی بے حرمتی بند کی @URL ✋ #BanDrama_Kunfayakun,0,0,0,0,0,urd,[LANG=urd] پاکستانی ڈراموں کی آڑ میں قرآن کی آیات کی بے حرمتی بند کی @URL ✋ #BanDrama_Kunfayakun,"[1.9013705253601074, 1.06346595287323, 1.3387912511825562, 0.8040724396705627, 1.127868413925171]"
urd_bdbbb2175becb2a00a5c7d2b59f6d939,اسپیکر قومی اسمبلی آئین کا غدار ہے، اس کے خلاف آرٹیکل چھ کے تحت کارروائی کی جائے۔,1,1,1,1,1,urd,[LANG=urd] اسپیکر قومی اسمبلی آئین کا غدار ہے، اس کے خلاف آرٹیکل چھ کے تحت کارروائی کی جائے۔,"[-0.2383117526769638, -1.86964750289917, -1.553124189376831, -2.3800761699676514, -2.53263783454895]"
urd_d1ec75559b2958984886870e3ef71ad9,لاہوریوں، پنجابیوں، پاکستانیوں، پٹواریوں، جمہوریوں ۔۔۔ سول سپریمیسی پر یقین کرنے والوں۔۔ کل لاکھوں کی تعداد میں ۔۔۔ لاکھوں لکھ کی تعداد میں جاتی امرا پہنچو اور قائد سے اظہار یکجہتی کرو۔۔,1,1,1,1,1,urd,[LANG=urd] لاہوریوں، پنجابیوں، پاکستانیوں، پٹواریوں، جمہوریوں ۔۔۔ سول سپریمیسی پر یقین کرنے والوں۔۔ کل لاکھوں کی تعداد میں ۔۔۔ لاکھوں لکھ کی تعداد میں جاتی امرا پہنچو اور قائد سے اظہار یکجہتی کرو۔۔,"[0.32623183727264404, -0.9877731204032898, -0.880518913269043, -1.2012161016464233, -1.5596253871917725]"
urd_b29e8ea76f83b5b0366499aea030efd9,مہاجر کو گالی  دینے کا جواب مہاجر صوبہ ، مہاجر صوبہ,1,1,0,0,0,urd,[LANG=urd] مہاجر کو گالی  دینے کا جواب مہاجر صوبہ ، مہاجر صوبہ,"[1.2913734912872314, 1.4207426309585571, 0.553562581539154, 0.5989880561828613, 0.4628802537918091]"
urd_dc0fbe53e2b1136c4fa1a2d03cef23a7,نیازی صاحب اگر ووٹ چوری کر کے وجیراعظم نہیں بنے ہو تو کمیشن بنانے میں برائی کیا ہے  @USER @USER,1,1,1,1,1,urd,[LANG=urd] نیازی صاحب اگر ووٹ چوری کر کے وجیراعظم نہیں بنے ہو تو کمیشن بنانے میں برائی کیا ہے  @USER @USER,"[0.6824414134025574, -0.5638990998268127, -0.26619458198547363, -0.7717936635017395, -1.3571465015411377]"
urd_ec35f1fdd2cde39e30f0dc17af07ce0c,ساڑھے 6 لاکھ ڈالرکی منی ٹریل تھی،جس میں سے 5لاکھ ڈالرکی منی ٹریل دےچکاہوں،عمران,0,0,0,0,0,urd,[LANG=urd] ساڑھے 6 لاکھ ڈالرکی منی ٹریل تھی،جس میں سے 5لاکھ ڈالرکی منی ٹریل دےچکاہوں،عمران,"[-1.6107823848724365, -2.794196844100952, -2.3360726833343506, -2.8363044261932373, -2.565946578979492]"
urd_71fbf19caf3f9632c471462bab09e958,#KashmirOustedDiesel مال لانا نے مال کی لالچ میں جو ملک سے غداری کی ہے اس پر قوم اسے کبھی معاف کرے گی. @USER,1,1,1,1,1,urd,[LANG=urd] #KashmirOustedDiesel مال لانا نے مال کی لالچ میں جو ملک سے غداری کی ہے اس پر قوم اسے کبھی معاف کرے گی. @USER,"[1.1465325355529785, 0.1362949013710022, 0.43853461742401123, -0.3670673072338104, -0.015170005150139332]"
urd_7266bda08b0edc0cf499857a70d7a2be,پاکستان پرانا ہو یا نیا گستاخ رسول کل بھی واجب  القتل تھا اور آج بھی اور قیامت تک رہے گا #AasiaBibi,1,1,1,1,1,urd,[LANG=urd] پاکستان پرانا ہو یا نیا گستاخ رسول کل بھی واجب  القتل تھا اور آج بھی اور قیامت تک رہے گا #AasiaBibi,"[1.7624894380569458, 1.3388251066207886, 1.8937180042266846, 1.2325060367584229, 1.1469557285308838]"
urd_b70aa0d3f02ed0ffb7d0c87e06963ab0,#KhanewalKaptaanDa بنے گا نیا پاکستان۔ بنے گا نیا پاکستان۔,1,1,1,1,1,urd,[LANG=urd] #KhanewalKaptaanDa بنے گا نیا پاکستان۔ بنے گا نیا پاکستان۔,"[-0.914225161075592, -1.9027382135391235, -1.6545466184616089, -2.57785964012146, -2.7007296085357666]"
urd_e4da60d38f5603406772ead273a58456,نیب کے قوانین کوختم کرنا آئین کی خلاف ورزی ہے، خواجہ اظہارالحسن #Abbtakk,0,0,0,0,0,urd,[LANG=urd] نیب کے قوانین کوختم کرنا آئین کی خلاف ورزی ہے، خواجہ اظہارالحسن #Abbtakk,"[-1.940659999847412, -2.5679550170898438, -2.2137835025787354, -2.9018476009368896, -3.0452592372894287]"
urd_37f680062988da634d60a1558871a37f,#ڈیم_بناؤ_پاکستان_بچاؤ کالا باغ ڈیم سے تمام صوبوں کو فائدہ @USER اور چاروں صوبوں کے بجر زمین سیراب ہوگی @USER,0,0,0,0,0,urd,[LANG=urd] #ڈیم_بناؤ_پاکستان_بچاؤ کالا باغ ڈیم سے تمام صوبوں کو فائدہ @USER اور چاروں صوبوں کے بجر زمین سیراب ہوگی @USER,"[-0.8588131070137024, -2.152839422225952, -1.9720314741134644, -2.447664260864258, -2.2537009716033936]"
urd_36407d3f6d34f3975e4c12b7015ce710,لندن پلان میں نیلوفر بھی شامل تھی جاوید ہاشمی,0,0,0,0,0,urd,[LANG=urd] لندن پلان میں نیلوفر بھی شامل تھی جاوید ہاشمی,"[-0.022242935374379158, -1.9319220781326294, -1.430613398551941, -1.7235095500946045, -1.5391027927398682]"
urd_2e3ddb945bb2361ce39133589fb4cd38,"قادیانی, مرزائی  یاد رکھیں  ہم مرزا کوپاکستان کے قانون کی وجہ سے نہیں بلکہ قرآن وحدیث کے اصولوں کی وجہ سے کافر کہتے ہیں",1,1,1,1,1,urd,"[LANG=urd] قادیانی, مرزائی  یاد رکھیں  ہم مرزا کوپاکستان کے قانون کی وجہ سے نہیں بلکہ قرآن وحدیث کے اصولوں کی وجہ سے کافر کہتے ہیں","[-0.10884720087051392, -0.03959353640675545, 0.5504751205444336, -0.7370138168334961, -0.6052756905555725]"
urd_4cd8299e1b2eeae54ddb569dd74a85d8,قائد نواز شریف کا بیانیہ اب ھمارے دلوں میں گھر کرگیا پابندیاں ھمارے دلوں سے یہ نعرہ نھیں نکال سکتی ووٹ کو عزت کی تحریک مزید آگے بڑے گی,0,0,0,0,0,urd,[LANG=urd] قائد نواز شریف کا بیانیہ اب ھمارے دلوں میں گھر کرگیا پابندیاں ھمارے دلوں سے یہ نعرہ نھیں نکال سکتی ووٹ کو عزت کی تحریک مزید آگے بڑے گی,"[0.7572088241577148, -0.5099068880081177, -0.3127800524234772, -0.7953882813453674, -0.8661962151527405]"
urd_cb2dc448590993b15f3086e501116808,ناموس رسالت و ناموس صحابہ و اہلبیت کے تحفظ کے لیے کوشاں اسمبلی ممبران و عوام کو سلام جو جو گستاخ ہیں وہ کافر ہیں #ناموس_صحابہ_بل,1,1,1,1,1,urd,[LANG=urd] ناموس رسالت و ناموس صحابہ و اہلبیت کے تحفظ کے لیے کوشاں اسمبلی ممبران و عوام کو سلام جو جو گستاخ ہیں وہ کافر ہیں #ناموس_صحابہ_بل,"[0.4100090265274048, -0.6047460436820984, 0.8563212156295776, -0.8642901182174683, -0.6702717542648315]"
urd_4fe05fcbe83aaac6773c56cc512cfd8c,پاک ارمی ہمارہ فخر ہے پر جو ملک کا غدار ہے ہم اسے نہیں مانتے,1,0,0,0,0,urd,[LANG=urd] پاک ارمی ہمارہ فخر ہے پر جو ملک کا غدار ہے ہم اسے نہیں مانتے,"[1.1474177837371826, 0.9614730477333069, 0.7493348121643066, 0.41919007897377014, 0.46829932928085327]"
urd_84e2ca6ce71d3085e1ab4ed617016307,شاہ محمود قریشی سے آر ٹی ایس سسٹم کو اتنا پیار کہ اس کےسارے نتائج کمپائل کردئیے.,1,1,1,1,1,urd,[LANG=urd] شاہ محمود قریشی سے آر ٹی ایس سسٹم کو اتنا پیار کہ اس کےسارے نتائج کمپائل کردئیے.,"[1.8153941631317139, 0.8371784687042236, 0.7216238975524902, 0.7800426483154297, 1.0944448709487915]"
urd_c998ded3e50738669dc65c12a7b29be7,عمران نیازی آج کے دور کا میر جعفر اور میر صادق ہے جو پاکستان کو لیبیا اور عراق بنانا چاہتا ہے #غدارعمرانہے,1,0,0,0,0,urd,[LANG=urd] عمران نیازی آج کے دور کا میر جعفر اور میر صادق ہے جو پاکستان کو لیبیا اور عراق بنانا چاہتا ہے #غدارعمرانہے,"[2.4317193031311035, 1.6663504838943481, 1.8623205423355103, 1.4513096809387207, 1.5647926330566406]"
urd_eb0967c4615571cea602fe993eb0c873,#اک_تھا_شیر جس نے ملک میں صوبائیت اور لسانیت کو فروغ دیا,0,0,0,0,0,urd,[LANG=urd] #اک_تھا_شیر جس نے ملک میں صوبائیت اور لسانیت کو فروغ دیا,"[-1.4805635213851929, -2.133070230484009, -2.028172254562378, -2.8771207332611084, -2.7960493564605713]"
urd_5a971d03077e2213dcd6eb1602cf1359,ہمیں یاد ہیں ہندو بنیے کی عیاریاں. #ڈھاکہ_ہم_بھولے_نہیں,1,1,1,1,1,urd,[LANG=urd] ہمیں یاد ہیں ہندو بنیے کی عیاریاں. #ڈھاکہ_ہم_بھولے_نہیں,"[1.6900618076324463, 1.7838269472122192, 1.5051321983337402, 1.308891773223877, 1.2619627714157104]"
urd_186e1bcc1bbdc93ff4c2d053816fc340,میثاق جمہوریت کی روح یہی تھی ایک دوسرے کے مقدمات ختم کرانے ہیں، کامل علی آغا,0,0,0,0,0,urd,[LANG=urd] میثاق جمہوریت کی روح یہی تھی ایک دوسرے کے مقدمات ختم کرانے ہیں، کامل علی آغا,"[-1.5535978078842163, -2.7427566051483154, -2.475545883178711, -2.921403646469116, -3.0646908283233643]"
urd_deb6946302c104585ebadc1d10455549,لاہور:بل اقوام متحدہ کے مذہبی آزادی چارٹر کے بھی خلاف ہے، سراج الحق,0,0,0,0,0,urd,[LANG=urd] لاہور:بل اقوام متحدہ کے مذہبی آزادی چارٹر کے بھی خلاف ہے، سراج الحق,"[-1.2758076190948486, -2.242885112762451, -1.74216890335083, -2.6175615787506104, -2.805913209915161]"
urd_d7874969f67720a56408bfa1c8d1cd2d,اسلام میں مذہبی آزادی کی اجاز ت ہے #الجماعة_الاحمدية #FridaySermon,0,0,0,0,0,urd,[LANG=urd] اسلام میں مذہبی آزادی کی اجاز ت ہے #الجماعة_الاحمدية #FridaySermon,"[-2.0599029064178467, -2.7224011421203613, -2.007232904434204, -2.8724682331085205, -3.1956212520599365]"
urd_0bf36af3e74d97ed52547200551a4a6e,نیا پاکستان تو ایساء ہی ہو گا۔,0,0,0,0,0,urd,[LANG=urd] نیا پاکستان تو ایساء ہی ہو گا۔,"[-1.1608644723892212, -2.24550724029541, -1.8039041757583618, -2.7914206981658936, -2.6900837421417236]"
urd_3cb28182beb6f6753aa98906bceb76d0,عمران کی ملک سے غداری سامنے آنے کے بعد تحریک انصاف اگلے الیکشن میں کونسلر کی سیٹ بھی نہیں جیت سکتی. #LahoreStandsWithNS,1,1,1,1,1,urd,[LANG=urd] عمران کی ملک سے غداری سامنے آنے کے بعد تحریک انصاف اگلے الیکشن میں کونسلر کی سیٹ بھی نہیں جیت سکتی. #LahoreStandsWithNS,"[1.6618705987930298, 0.9782332181930542, 1.3397811651229858, 0.8431323766708374, 0.7250546216964722]"
urd_1759c604617b190d32c452dd136c6e61,"ہماری ہندو برادی کو رنگوں بھرا ""ہولی"" کا تہوار مبارک",0,0,0,0,0,urd,"[LANG=urd] ہماری ہندو برادی کو رنگوں بھرا ""ہولی"" کا تہوار مبارک","[-1.9644513130187988, -2.500892162322998, -2.2872605323791504, -3.01926851272583, -2.9953370094299316]"
urd_2ffa2a644bff3138600ca800202925c3,گر آپ قادری یا عمران ہیں تو چاہے ملک سے غداری کریں ، پارلیمنٹ کی اینٹ سے اینٹ بجا دیں ، ایوان صدر میں گھس جایئں، @USER,1,0,0,0,0,urd,[LANG=urd] گر آپ قادری یا عمران ہیں تو چاہے ملک سے غداری کریں ، پارلیمنٹ کی اینٹ سے اینٹ بجا دیں ، ایوان صدر میں گھس جایئں، @USER,"[1.3574742078781128, 0.7328968048095703, 0.7907130718231201, 0.4855785369873047, 0.05384915694594383]"
urd_48dfa88a850adf418e84879121209d0d,جمال خشوگی آج کل پاکستانی لبرلز کا جوائی ھے۔۔۔رو ایسےرھےھیں جیسےبہن بھری جوانی میں بیوہ ھوگئی ھو۔,1,1,1,1,1,urd,[LANG=urd] جمال خشوگی آج کل پاکستانی لبرلز کا جوائی ھے۔۔۔رو ایسےرھےھیں جیسےبہن بھری جوانی میں بیوہ ھوگئی ھو۔,"[2.3352394104003906, 1.5419511795043945, 1.5832867622375488, 1.9192314147949219, 1.4848785400390625]"
urd_b5f0cf819173262505944a037397b9ed,جوکچھ سلیکٹڈ وزیر اعظم نے امریکہ میں فرمایا ہے یہی کچھ میموگیٹ تھا اور یہی ڈان لیکس تھا,1,0,0,0,0,urd,[LANG=urd] جوکچھ سلیکٹڈ وزیر اعظم نے امریکہ میں فرمایا ہے یہی کچھ میموگیٹ تھا اور یہی ڈان لیکس تھا,"[1.8200888633728027, 0.3870954215526581, 0.4784608483314514, 0.2696789801120758, 0.48384401202201843]"
urd_94c0a79ea952cd3c623a32b5d241e2d5,کھوسہ کہتا ہے کہ پانامہ فیصلے میں کسی کو گاڈ فادر نہیں کہا! کھوسہ کی دماغی چوٹ کا علاج👇 @URL,1,1,1,1,1,urd,[LANG=urd] کھوسہ کہتا ہے کہ پانامہ فیصلے میں کسی کو گاڈ فادر نہیں کہا! کھوسہ کی دماغی چوٹ کا علاج👇 @URL,"[1.6209040880203247, 0.604387104511261, 0.7447176575660706, 0.4884078800678253, 0.5660958290100098]"
urd_dbb3df837ccf9e3120508fd22eb43661,کپٹان نے پاکستانی معاشرے میں کرپشن جیسے منکر کے خلاف آواز اٹھائی #IKIsOnNervesOfNawaz,1,1,1,1,1,urd,[LANG=urd] کپٹان نے پاکستانی معاشرے میں کرپشن جیسے منکر کے خلاف آواز اٹھائی #IKIsOnNervesOfNawaz,"[0.9813142418861389, 0.32929113507270813, 0.38419899344444275, 0.10754157602787018, 0.1276726871728897]"
urd_2c17f31e8136d52299b8c2a6fb1956d1,قاتل شریف کی پورانی روایت ہے پاکستانیوں کے خون کے بدلےخون بہادینا اور مجرموں کورہا کردینا. ریمنڈڈیوس کے بعد شوبازشریف @USER,1,1,1,1,1,urd,[LANG=urd] قاتل شریف کی پورانی روایت ہے پاکستانیوں کے خون کے بدلےخون بہادینا اور مجرموں کورہا کردینا. ریمنڈڈیوس کے بعد شوبازشریف @USER,"[0.560303807258606, -1.5543744564056396, -0.5987383723258972, -1.8851946592330933, -1.5673370361328125]"
urd_a0d5b7f1f03242237a2911a706760033,بدکردار،بدزبان،بداخلاق،واحد دنیا میں ای ہی شخص وہ ہے عمران خان,1,1,1,1,1,urd,[LANG=urd] بدکردار،بدزبان،بداخلاق،واحد دنیا میں ای ہی شخص وہ ہے عمران خان,"[2.1571030616760254, 1.6274827718734741, 1.967393159866333, 1.4167380332946777, 1.5808124542236328]"
urd_b7d3d041a8d37377258c5cf3a55ec4d6,سندھ کی سرزمین پرغیرسندھی بھی آبادہیں،سندھیوں کےجذبےکی قدرکرنی چاہیے،حاجی عدیل,0,1,0,0,0,urd,[LANG=urd] سندھ کی سرزمین پرغیرسندھی بھی آبادہیں،سندھیوں کےجذبےکی قدرکرنی چاہیے،حاجی عدیل,"[-1.123077630996704, -1.2706507444381714, -1.489613652229309, -2.307175874710083, -2.3303096294403076]"
urd_328aaa25fa4d823c48042b4da9f08003,ساری بجلی مودی کو بیچ دی ہے پاکستان کے لئے اگلے پانچ سالوں میں بجلی تیار کریں گے۔۔ شوبازشریف #LoadsheddingIsBack,1,1,1,1,1,urd,[LANG=urd] ساری بجلی مودی کو بیچ دی ہے پاکستان کے لئے اگلے پانچ سالوں میں بجلی تیار کریں گے۔۔ شوبازشریف #LoadsheddingIsBack,"[1.5084595680236816, 0.31152674555778503, 0.25247907638549805, 0.058274127542972565, 0.19065417349338531]"
urd_b14cb31448cdffa85f5366c4ac52811d,مگر شدید قسم کے ذہنی غلام ایسا کبھی نہیں کریں گے @USER,1,1,1,1,1,urd,[LANG=urd] مگر شدید قسم کے ذہنی غلام ایسا کبھی نہیں کریں گے @USER,"[-0.4753301739692688, -2.0736582279205322, -1.785340666770935, -2.0487258434295654, -2.0833353996276855]"
urd_45044a6e6c07df593e48f4fdd5c78e92,پاکستان عاشقان رسول کی سرزمین ہے یہاں سیکولر اور لبرل ازم کی کوئی گنجائش نہیں ۔ @USER,1,0,1,0,0,urd,[LANG=urd] پاکستان عاشقان رسول کی سرزمین ہے یہاں سیکولر اور لبرل ازم کی کوئی گنجائش نہیں ۔ @USER,"[0.6089491844177246, -0.2833077609539032, 0.8473143577575684, -0.46782371401786804, -0.49177950620651245]"
urd_08f8962e0e012512240f8ca59fcca28a,بلوچستان کے وسائل کو پاک مخالف سرگرمیوں کے لیے استعمال کرنے کا خواب دیکھنےوالوں کے لیے بلوچوں کی پاکستان سے محبت ایک زور دار تھپڑ ہے #BalochistanOurPride @USER,0,0,0,0,0,urd,[LANG=urd] بلوچستان کے وسائل کو پاک مخالف سرگرمیوں کے لیے استعمال کرنے کا خواب دیکھنےوالوں کے لیے بلوچوں کی پاکستان سے محبت ایک زور دار تھپڑ ہے #BalochistanOurPride @USER,"[1.1714361906051636, 1.1487233638763428, 0.11763452738523483, 0.15161068737506866, 0.6159580945968628]"
urd_8527c3d8e033f20f411f185dc21351b0,عمران خان الیکشن کمیشن میں نہ تلاشی دےرہےہیں نہ منی ٹریل، مائزہ حمید,0,0,0,0,0,urd,[LANG=urd] عمران خان الیکشن کمیشن میں نہ تلاشی دےرہےہیں نہ منی ٹریل، مائزہ حمید,"[0.5422477126121521, -0.9742923378944397, -0.5439732074737549, -1.0745612382888794, -1.0200035572052002]"
urd_f002b09f2b1203dd7a37fa833fc1ffd3,پنجابی اسٹبلشمنٹ ہمیں ماررہی ہےوہ ہمیں قاتلنہیں دینگے ہم اسٹبلیشمنٹ کےاشاروں پرنہیں چلینگئے حاجی_غلام_احمدبلور #Justice4SartajKhan,1,1,1,1,1,urd,[LANG=urd] پنجابی اسٹبلشمنٹ ہمیں ماررہی ہےوہ ہمیں قاتلنہیں دینگے ہم اسٹبلیشمنٹ کےاشاروں پرنہیں چلینگئے حاجی_غلام_احمدبلور #Justice4SartajKhan,"[1.9458837509155273, 1.64867103099823, 1.4272814989089966, 1.2910845279693604, 1.3891959190368652]"
urd_4c052c1f43c3e19c1bd650d912321b45,سرائیکی صوبہ اور مملکت اسلامیہ بہاولپور کب تک آن ائر ہونگی۔ کیونکہ اس کے بعد شیدے ٹلی نے بھی پوٹھوہاری ریاست بنانی ہے۔  کہہ آخنڑے او تسی!,1,1,1,1,1,urd,[LANG=urd] سرائیکی صوبہ اور مملکت اسلامیہ بہاولپور کب تک آن ائر ہونگی۔ کیونکہ اس کے بعد شیدے ٹلی نے بھی پوٹھوہاری ریاست بنانی ہے۔  کہہ آخنڑے او تسی!,"[2.2795872688293457, 1.6345890760421753, 1.521637201309204, 1.5117131471633911, 1.2984049320220947]"
urd_cf7562f7ed0f2d0d253d850819e242a8,"یہ ""میرا جسم میری مرضی"" والی ہی ہیں جنکی بعد میں لیک ہو جاتی ہیں کیونکہ جانو دیکھ کر ڈیلیٹ نہیں کرتے 🤪",1,1,1,1,1,urd,"[LANG=urd] یہ ""میرا جسم میری مرضی"" والی ہی ہیں جنکی بعد میں لیک ہو جاتی ہیں کیونکہ جانو دیکھ کر ڈیلیٹ نہیں کرتے 🤪","[1.8084744215011597, 0.9282810091972351, 0.8769421577453613, 1.4055720567703247, 0.9129160046577454]"
urd_61820a846e670483c5ef2109fa473ddf,یہ کیا امریکی خط اور غداری کے بچپنے والے چوتیاپے چل رہے ہیں؟,1,1,1,1,1,urd,[LANG=urd] یہ کیا امریکی خط اور غداری کے بچپنے والے چوتیاپے چل رہے ہیں؟,"[2.165114402770996, 1.3772222995758057, 1.4737396240234375, 1.0994899272918701, 1.1832929849624634]"
urd_64c1ca72f36c425264f30a4d87be2525,کوئی جی ایچ کیو برنال کا ٹرک بھجوائے۔ @USER,1,0,0,0,0,urd,[LANG=urd] کوئی جی ایچ کیو برنال کا ٹرک بھجوائے۔ @USER,"[1.9485516548156738, 1.554987907409668, 1.3216266632080078, 1.3351240158081055, 1.283412218093872]"
urd_7443d62b8bef194056a1a80b0c85cf00,یہ کس کا لہو یہ لون مرا؟ پشتون مرا پشتون مرا @URL,1,1,1,1,1,urd,[LANG=urd] یہ کس کا لہو یہ لون مرا؟ پشتون مرا پشتون مرا @URL,"[-0.6061771512031555, 0.332754522562027, -1.0771163702011108, -1.2535655498504639, -1.0156869888305664]"
urd_47d07f3e9b0c145c433aebb31a3076ec,آپ موجودہ امپورٹڈ وزیراعظم کو دیکھیں غور سے آپ کو ترس نہ آیا تو میرا نام شہباز شریف رکھ دینا #امپورٹڈ_حکومت_نامنظور,1,0,0,0,0,urd,[LANG=urd] آپ موجودہ امپورٹڈ وزیراعظم کو دیکھیں غور سے آپ کو ترس نہ آیا تو میرا نام شہباز شریف رکھ دینا #امپورٹڈ_حکومت_نامنظور,"[2.3490750789642334, 1.3134604692459106, 1.3228123188018799, 1.2842810153961182, 1.3314169645309448]"
urd_23cae469eaf5d9ce9971a352a48a2d0d,پاکستان کی اقلیتیں جتنی طاقتور ہیں اور جس طرح کا ہم ان کے ساتھ رویہ رکھتے ہیں، اس کو دیکھتے ہوئے کیا کوئی سالم شعور… @URL,0,0,0,0,0,urd,[LANG=urd] پاکستان کی اقلیتیں جتنی طاقتور ہیں اور جس طرح کا ہم ان کے ساتھ رویہ رکھتے ہیں، اس کو دیکھتے ہوئے کیا کوئی سالم شعور… @URL,"[-0.30162352323532104, -0.4728584587574005, -1.0363130569458008, -1.264533519744873, -0.8428286910057068]"
urd_f4ef9929b35baf5ece7d69404e027a71,"ایسا ہی ہوتا ہے اگر پرائم منسٹر کی جگہ ""کرائم منسٹر"" آجائے۔ #امپورٹڈ_حکومت_نامنظور",1,0,0,0,0,urd,"[LANG=urd] ایسا ہی ہوتا ہے اگر پرائم منسٹر کی جگہ ""کرائم منسٹر"" آجائے۔ #امپورٹڈ_حکومت_نامنظور","[1.9239367246627808, 1.2549899816513062, 1.3644417524337769, 1.161106824874878, 1.0988242626190186]"
urd_3795992144f4354b9027a2f4450bb4a2,فوج یونیٹی کا سمبل ہوتی ہے یا قوم کو گالیاں دے کر لسانیت اور صوبائیت #MQM #TheRightMan  @USER 1/2 @USER,1,1,0,0,0,urd,[LANG=urd] فوج یونیٹی کا سمبل ہوتی ہے یا قوم کو گالیاں دے کر لسانیت اور صوبائیت #MQM #TheRightMan  @USER 1/2 @USER,"[1.863736867904663, 1.593990683555603, 1.4390789270401, 1.363539457321167, 1.3199291229248047]"
urd_f34cc4f6c1d06edf3e17a34ac8a350fd,مغربی معاشرے پر کچھ ایسے بھی روشنی ڈالی @USER,0,0,0,0,0,urd,[LANG=urd] مغربی معاشرے پر کچھ ایسے بھی روشنی ڈالی @USER,"[-1.6170620918273926, -1.7876005172729492, -2.08998441696167, -2.459542989730835, -2.541832447052002]"
urd_6629f0e81316331d5924ae11ca2eac05,بی جے پی منظم منصوبہ بندی کے تحت جگہ جگہ فسادات کی آگ بھڑکار ہی ہے۔ پروفیسر حافظ محمد سعید  #IndianTerrorism,1,0,1,0,0,urd,[LANG=urd] بی جے پی منظم منصوبہ بندی کے تحت جگہ جگہ فسادات کی آگ بھڑکار ہی ہے۔ پروفیسر حافظ محمد سعید  #IndianTerrorism,"[1.297616958618164, 0.13053001463413239, 0.20130665600299835, -0.18541952967643738, -0.2536693215370178]"
urd_d529cab1114aae3f67a5281faf799ace,تم دلیل ہو تمہاری تعصبات و فرقہ پرستی دنیا دلیل کے طور پر پیش کرتی ہے کہ یہ لوگ حکومت کرنے کے قابل نہیں قائد محترم,1,1,1,1,1,urd,[LANG=urd] تم دلیل ہو تمہاری تعصبات و فرقہ پرستی دنیا دلیل کے طور پر پیش کرتی ہے کہ یہ لوگ حکومت کرنے کے قابل نہیں قائد محترم,"[0.6176769137382507, 0.3657839596271515, 0.8599054217338562, -0.19965337216854095, 0.17985519766807556]"
urd_dc51d6dc589680076f16e8495b23a574,دنیا کا گھٹیا انسان. . . ھمارا کُپتان,1,1,1,1,1,urd,[LANG=urd] دنیا کا گھٹیا انسان. . . ھمارا کُپتان,"[2.1096997261047363, 1.9193259477615356, 1.6262844800949097, 1.691479206085205, 1.885829210281372]"
urd_c14d5e001c39f3f173f3ab18ae553541,"ھھ صبح سے تین لبیکی یہ کہہ کربلاک کرگئے کہ ""میں تمہیں سمجھدار بندہ سمجھتا تھا پر تم تو ٹاؤٹ ہو۔"" مارو اوئے انہاں نو ڈپٹی تے غوری!",1,0,1,0,0,urd,"[LANG=urd] ھھ صبح سے تین لبیکی یہ کہہ کربلاک کرگئے کہ ""میں تمہیں سمجھدار بندہ سمجھتا تھا پر تم تو ٹاؤٹ ہو۔"" مارو اوئے انہاں نو ڈپٹی تے غوری!","[1.9057612419128418, 0.9369369149208069, 0.4856460392475128, 1.3710345029830933, 0.9580320715904236]"
urd_7a9efcbaa72a78ef9a2dc8ee8616077a,چیری بلاسم تم اور تمہارے خاندان سے زیادہ جھوٹے لوگ آج تک دنیا میں نہیں آئے۔ عمران خان #امپورٹڈ_حکومت_نامنظور,1,1,1,1,1,urd,[LANG=urd] چیری بلاسم تم اور تمہارے خاندان سے زیادہ جھوٹے لوگ آج تک دنیا میں نہیں آئے۔ عمران خان #امپورٹڈ_حکومت_نامنظور,"[2.465130567550659, 1.5084307193756104, 1.619354248046875, 1.3506203889846802, 1.5188179016113281]"
urd_1c792a8c5f90b67a19dfb2bacd390193,نوشہرہ، خواجہ سرا کو جنسی طور ہراساں کرنے والے 2 افراد کو گرفتار,0,0,0,0,0,urd,[LANG=urd] نوشہرہ، خواجہ سرا کو جنسی طور ہراساں کرنے والے 2 افراد کو گرفتار,"[-1.8651478290557861, -2.22546124458313, -2.1694982051849365, -2.454559564590454, -2.831836462020874]"
urd_bbbb9c27b8251cc3c9dd83d620b0b9e1,پاکستان اب دھشت گرد افغانیوں کا مزید بوجھ برداشت کرنے  کے متمحل نہیں ہو سکتا ہے۔,1,1,1,1,1,urd,[LANG=urd] پاکستان اب دھشت گرد افغانیوں کا مزید بوجھ برداشت کرنے  کے متمحل نہیں ہو سکتا ہے۔,"[1.068528175354004, 0.8282121419906616, 0.7447687983512878, 0.16515804827213287, 0.07958745211362839]"
urd_0c480af81236e68a1c7c7acadc4bbf80,غداروں نے کالا باغ ڈیم بننے نہیں دیا اب پورا ملک ڈیم بن چکا ہے🤐🤐😡😡,1,1,1,1,1,urd,[LANG=urd] غداروں نے کالا باغ ڈیم بننے نہیں دیا اب پورا ملک ڈیم بن چکا ہے🤐🤐😡😡,"[1.457114815711975, 0.6334431767463684, 0.830918550491333, 0.4664623439311981, 0.7046569585800171]"
urd_3f87510476879b8429df7e4b45577f16,@USER ایک ایسا قلم فروش صحافی ہے جسکو میں نی بہت پہلے ایک website کے لیے محض 25 ہزار ماہانہ میں استعمال کیا ہوا ہے۔,0,0,0,0,0,urd,[LANG=urd] @USER ایک ایسا قلم فروش صحافی ہے جسکو میں نی بہت پہلے ایک website کے لیے محض 25 ہزار ماہانہ میں استعمال کیا ہوا ہے۔,"[-1.3262418508529663, -2.784597873687744, -2.3874199390411377, -2.6572506427764893, -2.190236806869507]"
urd_9951841373a8645f797d3d4a43da83a3,اقلیت اور قادیانیت میں فرق جان کر جیو,1,1,1,1,1,urd,[LANG=urd] اقلیت اور قادیانیت میں فرق جان کر جیو,"[1.425560712814331, 1.2311607599258423, 1.0911763906478882, 0.9198317527770996, 0.8527188301086426]"
urd_d4a3536d7884d1480f046fdfd770dacc,تھانوں پر حملے کرتا جا عزتیں پامال کرتا جا جمہوریت جمہوریت کرتا جا,1,1,1,1,1,urd,[LANG=urd] تھانوں پر حملے کرتا جا عزتیں پامال کرتا جا جمہوریت جمہوریت کرتا جا,"[1.0530705451965332, -0.10829172283411026, -0.22418126463890076, -0.34919700026512146, -0.3142860531806946]"
urd_bfe1244b2aa6a682dd66d82d8675d41e,قوم لوط کو بھی تم لوگ پیچھے چھوڑ گئے اپنی بے غیرتی میں @USER @USER لعنت تم پر سور کے بچو @USER,1,0,1,0,0,urd,[LANG=urd] قوم لوط کو بھی تم لوگ پیچھے چھوڑ گئے اپنی بے غیرتی میں @USER @USER لعنت تم پر سور کے بچو @USER,"[1.9848451614379883, 1.5488650798797607, 1.8182612657546997, 1.144332766532898, 1.2673014402389526]"
urd_dadc22a5a9c83c0fd0a36d207b868554,2018 انتخابات کے بعد بلوچستان میں جیالا وزیراعلی ہوگا: بلاول بھٹو زرداری,0,0,0,0,0,urd,[LANG=urd] 2018 انتخابات کے بعد بلوچستان میں جیالا وزیراعلی ہوگا: بلاول بھٹو زرداری,"[1.5545825958251953, 1.0606876611709595, 0.8845130205154419, 0.9392789602279663, 0.7222334146499634]"
urd_432518015ed6e43703e25ce6292d23f9,وقت آ گیا ہے کہ مولوی ڈیزل کی کمینگی کا پردہ چاک کیا جاے مذاق مذاق میں یہ فرقہ پرست اور کرپٹ مولوی صحیح تنقید سے بچ جاتا ہے,1,0,1,0,0,urd,[LANG=urd] وقت آ گیا ہے کہ مولوی ڈیزل کی کمینگی کا پردہ چاک کیا جاے مذاق مذاق میں یہ فرقہ پرست اور کرپٹ مولوی صحیح تنقید سے بچ جاتا ہے,"[1.9349687099456787, 1.626388430595398, 2.3894333839416504, 1.4944615364074707, 1.5552974939346313]"
urd_a83dc528b356d5ba82721b32d3aa18b9,"تہمت لگا کے ماں پہ جو دشمن سے داد لے ایسے ""وطن فروش"" کو مر جانا چاہیئے @USER #we_hate_malala #freeAafia",1,0,0,0,0,urd,"[LANG=urd] تہمت لگا کے ماں پہ جو دشمن سے داد لے ایسے ""وطن فروش"" کو مر جانا چاہیئے @USER #we_hate_malala #freeAafia","[2.2024948596954346, 2.0402283668518066, 1.7431538105010986, 1.6216576099395752, 1.626429557800293]"
urd_1e1396c0a5bc920da9a8cfca42e8252d,"""امریکا اور پاکستان کی جنگ ہو بھی گئی تو ڈریں مت مطالعہ پاکستان می",0,0,0,0,0,urd,"[LANG=urd] ""امریکا اور پاکستان کی جنگ ہو بھی گئی تو ڈریں مت مطالعہ پاکستان می","[-0.715737521648407, -1.7497855424880981, -1.62284255027771, -2.1127943992614746, -2.1560707092285156]"
urd_059734430cba2fecdf7da2eb774eb951,پی ٹی آئی اورایم کیوایم پارلیمانی نظام کے خلاف سازشوں میں مصروف ہیں،بلاول بھٹو,1,0,0,0,0,urd,[LANG=urd] پی ٹی آئی اورایم کیوایم پارلیمانی نظام کے خلاف سازشوں میں مصروف ہیں،بلاول بھٹو,"[0.5549599528312683, -0.9318026900291443, -0.6258751749992371, -1.4619202613830566, -1.5016396045684814]"
urd_3b62b20a7ec18b0b9b54e05e481fd8f4,سندھی بدبودار قوم پرست وڈیرہ جس نے عام سندھی کو بھی بے وقوف بنایا ہوا ہے اور غربت تلے دبا دیا ہےلیکن ہم مہاجر کی ا… @USER,1,1,1,1,1,urd,[LANG=urd] سندھی بدبودار قوم پرست وڈیرہ جس نے عام سندھی کو بھی بے وقوف بنایا ہوا ہے اور غربت تلے دبا دیا ہےلیکن ہم مہاجر کی ا… @USER,"[2.2246577739715576, 2.092710494995117, 1.5261517763137817, 1.3828426599502563, 1.3678981065750122]"
urd_114d7670385a62e168fb161df107530b,#ReleaseHayatPreghal دہشتگرد ازاد اور مظلوم قید یہی دو قومی نظریہ ہے @USER,0,0,0,0,0,urd,[LANG=urd] #ReleaseHayatPreghal دہشتگرد ازاد اور مظلوم قید یہی دو قومی نظریہ ہے @USER,"[0.11460082232952118, -0.6188700795173645, -0.881916880607605, -1.082017183303833, -1.2042827606201172]"
urd_4989e96b33ed088c676cb6f485f3de23,میرے لئے سچا ملحد ایدھی ہے۔۔ جو ہر مذہب سے پرے ہوکر ہر مذہب کے شخص سے نیکی کرتا تھا۔,0,0,0,0,0,urd,[LANG=urd] میرے لئے سچا ملحد ایدھی ہے۔۔ جو ہر مذہب سے پرے ہوکر ہر مذہب کے شخص سے نیکی کرتا تھا۔,"[0.9691888689994812, 1.130496621131897, 1.475317358970642, 0.87203049659729, 0.6162950992584229]"
urd_647ff15e54a6dcec548804d099976b1c,سوائے اشرافیہ کے اس حکومت سے کوئی بھی خوش نہیں۔ #GoSelectedNiaziGo  #AKFixitPeyLanat,1,1,1,1,1,urd,[LANG=urd] سوائے اشرافیہ کے اس حکومت سے کوئی بھی خوش نہیں۔ #GoSelectedNiaziGo  #AKFixitPeyLanat,"[1.5052838325500488, 0.5107300877571106, 0.5089163780212402, 0.26757195591926575, 0.3722694516181946]"
urd_9796e371cfedfcd8f0147979061edafa,فیض آباد کے ساتھ جی ایچ کیو ہوتا تو دیکھتا کیسے دھرنا ہوتا۔ جسٹس صدیقی,1,0,0,0,0,urd,[LANG=urd] فیض آباد کے ساتھ جی ایچ کیو ہوتا تو دیکھتا کیسے دھرنا ہوتا۔ جسٹس صدیقی,"[-0.8329065442085266, -2.4354679584503174, -1.9007097482681274, -2.2329280376434326, -2.586766242980957]"
urd_7e311298e1677c0fa27cfb9fa71ee1ff,لغاری گروپ،سکندربوسن،رضاحیات ہراج،امجد کھوسہ، ریاض پیر زادہ سمیت 30 لیگی ارکان اسمبلی جلد جنوبی پنجاب صوبہ محاذ میں شامل ہو جائیں گے ذرائع,0,0,0,0,0,urd,[LANG=urd] لغاری گروپ،سکندربوسن،رضاحیات ہراج،امجد کھوسہ، ریاض پیر زادہ سمیت 30 لیگی ارکان اسمبلی جلد جنوبی پنجاب صوبہ محاذ میں شامل ہو جائیں گے ذرائع,"[-1.8386528491973877, -2.821596622467041, -2.5474741458892822, -3.108705759048462, -3.3636951446533203]"
urd_0ea83a717de335fb5607058791c898cb,😳 شہباز گِل سے دوران ریمانڈ #ARYNews پر پڑھا گیا فوج مخالف اسکرپٹ برآمد ہوگیا ہے,0,0,0,0,0,urd,[LANG=urd] 😳 شہباز گِل سے دوران ریمانڈ #ARYNews پر پڑھا گیا فوج مخالف اسکرپٹ برآمد ہوگیا ہے,"[-1.032362937927246, -2.314218044281006, -2.091980218887329, -2.792966604232788, -2.7339026927948]"
urd_70a9f1ff3c92762637815b8a7896524e,کالا باغ ڈیم کی تعمیرکیلیےریفرنڈم کرانے کی درخواست بھی سپریم کورٹ میں سماعت کیلیےمقرر,0,0,0,0,0,urd,[LANG=urd] کالا باغ ڈیم کی تعمیرکیلیےریفرنڈم کرانے کی درخواست بھی سپریم کورٹ میں سماعت کیلیےمقرر,"[-1.9141948223114014, -2.7928881645202637, -2.577857732772827, -2.848175525665283, -3.068476438522339]"
urd_080e052bbcb4404c7855ea9078d327a1,قائد کا حکم گھڑی. چور سے کوئی ڈیل نہیں ہو گی #NoFaceSavingForFitna,1,1,1,1,1,urd,[LANG=urd] قائد کا حکم گھڑی. چور سے کوئی ڈیل نہیں ہو گی #NoFaceSavingForFitna,"[2.205970048904419, 1.778459072113037, 1.7130388021469116, 1.4868757724761963, 1.4763727188110352]"
urd_446d02a3bbc261542cbcfbe581fba4da,.آپ رحمہ اللہ فرمایاکرتے: میں قومی اسمبلی میں ناموس صحابہ کی جنگ لڑوں گا #محسن_امت_علامہ_حق_نواز,0,0,0,0,0,urd,[LANG=urd] .آپ رحمہ اللہ فرمایاکرتے: میں قومی اسمبلی میں ناموس صحابہ کی جنگ لڑوں گا #محسن_امت_علامہ_حق_نواز,"[-0.6724980473518372, -2.4428024291992188, -0.8026334047317505, -3.1444973945617676, -2.6073944568634033]"
urd_3674d9d9a8ce07646f7f7bb44ae18728,پہلے اختلافی بات کرتے تھے تو ملاء پچھے پہ جاندے سن پھر ترقی ہوئ اور اب آزاد میڈیا کے پڑھے لکھے کتے پیچھے پڑ جاتے ہیں!!,1,1,1,1,1,urd,[LANG=urd] پہلے اختلافی بات کرتے تھے تو ملاء پچھے پہ جاندے سن پھر ترقی ہوئ اور اب آزاد میڈیا کے پڑھے لکھے کتے پیچھے پڑ جاتے ہیں!!,"[1.4112588167190552, 0.2972957193851471, 0.44889768958091736, 0.3697090446949005, 0.3495638966560364]"
urd_1a0d032adfa7dd032db48509fa093043,#خان_صاحب خدا کے واسطے چوہدری نثار جیسے #نیچ شخص پر اپنا وقت ضائع نا @USER #ڈرامہ_بازی اور #ادکاری میں #شوبازشریف کے بیٹے @USER,1,1,1,1,1,urd,[LANG=urd] #خان_صاحب خدا کے واسطے چوہدری نثار جیسے #نیچ شخص پر اپنا وقت ضائع نا @USER #ڈرامہ_بازی اور #ادکاری میں #شوبازشریف کے بیٹے @USER,"[2.2618141174316406, 1.75594961643219, 2.006378412246704, 1.7505789995193481, 1.5492806434631348]"
urd_7e53db24db50ae6d6730f948c6148cc9,بھارت ایک منتشر اور بے حال ملک ہے، اوباما کی اپنی کتاب میں بھارت پر کڑی تنقید,0,0,0,0,0,urd,[LANG=urd] بھارت ایک منتشر اور بے حال ملک ہے، اوباما کی اپنی کتاب میں بھارت پر کڑی تنقید,"[1.0913857221603394, 0.27820059657096863, -0.12966667115688324, -0.02675986848771572, 0.045121803879737854]"
urd_a9ba05082ce2880840cad7aab0c0ad7a,ان بوٹ پالشیوں میں سے سب سے بڑا بوٹ پالشیا کون ہے؟؟,1,0,0,0,0,urd,[LANG=urd] ان بوٹ پالشیوں میں سے سب سے بڑا بوٹ پالشیا کون ہے؟؟,"[1.9157726764678955, 0.6771005392074585, 0.8822423219680786, 0.7458594441413879, 1.181793212890625]"
urd_d35ff82694fb942d017d6fa00d0b3bc1,انسداد دہشت گردی راولپنڈی کی خصوصی عدالتوں میں ٹارگٹ کلنگ، مذہبی منافرت ،پولیس مقابلہ ،قتل سمیت دہشت گردی کے مقدمات… @USER,0,0,0,0,0,urd,[LANG=urd] انسداد دہشت گردی راولپنڈی کی خصوصی عدالتوں میں ٹارگٹ کلنگ، مذہبی منافرت ،پولیس مقابلہ ،قتل سمیت دہشت گردی کے مقدمات… @USER,"[-1.822304129600525, -2.5809669494628906, -2.2871458530426025, -2.7565176486968994, -3.1856091022491455]"
urd_1299cb674b900f65aecf165f88ec6adc,اس کافر زندیق کے شر سے لوگوں کو بچانے کے لیے اس پوسٹ کو شیئر کریں @USER,1,1,1,1,1,urd,[LANG=urd] اس کافر زندیق کے شر سے لوگوں کو بچانے کے لیے اس پوسٹ کو شیئر کریں @USER,"[0.04922210052609444, 0.4171872138977051, 0.8768407106399536, -0.18784235417842865, -0.1481812596321106]"
urd_fac8c23d6322e832a40a6f268215930f,دھرتی زادے ہندو دوستوں کو ہولی مبارک,0,0,0,0,0,urd,[LANG=urd] دھرتی زادے ہندو دوستوں کو ہولی مبارک,"[-1.9011586904525757, -2.365567207336426, -2.2019779682159424, -2.996849298477173, -3.122563600540161]"
urd_8a1746659c8e0403f9521a71a9aab0a2,@USER شاہد مسعود جیسے زرد صحافت کے علمبردار صحافی صحافت کے ماتھے پر کالا داغ @USER #BanShahidMasood,1,1,1,1,1,urd,[LANG=urd] @USER شاہد مسعود جیسے زرد صحافت کے علمبردار صحافی صحافت کے ماتھے پر کالا داغ @USER #BanShahidMasood,"[1.274899959564209, -0.6051182746887207, -0.05217084288597107, -0.3117276430130005, -0.1788334846496582]"
urd_a2e45738515ee2a9abf78bfd228445e6,ووٹ چوری کے خلاف جنگ قائد جمہوریت کے سنگ #PDMMardanRally,0,0,0,0,0,urd,[LANG=urd] ووٹ چوری کے خلاف جنگ قائد جمہوریت کے سنگ #PDMMardanRally,"[0.12845847010612488, -1.6490572690963745, -1.1786421537399292, -2.0179646015167236, -1.973703384399414]"
urd_601be95ac7b94bae42cd51d6ebc921af,دہشت گردی کا حل عوامی اجتماعات پر پابندی اور مذہبی آزادی سلب کرنا نہیں بلکہ دہشت گردوں کو قابو کرنا ہے۔ جو @USER @USER,0,0,0,0,0,urd,[LANG=urd] دہشت گردی کا حل عوامی اجتماعات پر پابندی اور مذہبی آزادی سلب کرنا نہیں بلکہ دہشت گردوں کو قابو کرنا ہے۔ جو @USER @USER,"[1.0978271961212158, 0.6434217095375061, 1.0328363180160522, 0.4513467252254486, 0.3404775857925415]"
urd_95a34268fcf570451861a087a47ed9d3,مسلمانوں کیخلاف کارروائی کرکے ہندو قوم پرست ہونے کا ثبوت دیا، مودی @USER via @USER,0,0,0,0,0,urd,[LANG=urd] مسلمانوں کیخلاف کارروائی کرکے ہندو قوم پرست ہونے کا ثبوت دیا، مودی @USER via @USER,"[-1.0199899673461914, -1.7293399572372437, -1.0770632028579712, -2.6680548191070557, -2.906827211380005]"
urd_5a8c5125a1a47fee41d65ece4ad5af4f,اب یہ خبر کون پھیلا رہا ہے کہ چیری بلوسم کو پھر گیٹ نمبر 4 پر دیکھا گیا ہے😂,1,1,1,1,1,urd,[LANG=urd] اب یہ خبر کون پھیلا رہا ہے کہ چیری بلوسم کو پھر گیٹ نمبر 4 پر دیکھا گیا ہے😂,"[-0.5323560833930969, -2.3783626556396484, -1.7186548709869385, -2.6369476318359375, -1.9352715015411377]"
urd_d1c4a7037ae297d847b0fb05ceb443f1,عمران خان نے بے حیائی کے خلاف بیان کیا دے دیا تمام زانی بے حیائی کو جسٹیفائی کرنے میں لگے ہوئے ہیں حد ہوگئی جہالت کی,1,1,1,1,1,urd,[LANG=urd] عمران خان نے بے حیائی کے خلاف بیان کیا دے دیا تمام زانی بے حیائی کو جسٹیفائی کرنے میں لگے ہوئے ہیں حد ہوگئی جہالت کی,"[2.708099365234375, 1.4377244710922241, 1.4638081789016724, 1.6311531066894531, 1.3344815969467163]"
urd_e43b980bddc9749229991beaa2b0b6e9,چیری بلاسم نے بڑی گیم کھیلی ہے، عمران خان,1,1,1,1,1,urd,[LANG=urd] چیری بلاسم نے بڑی گیم کھیلی ہے، عمران خان,"[-0.18353994190692902, -2.198286533355713, -1.3546793460845947, -2.388794183731079, -1.7189481258392334]"
urd_617c749b2f82bcd10848731f9d5c2d79,"جیالوں اور پٹواریوں کو مکس کر دیا گیا "" بھٹواری "" 😂😂😂",1,0,0,0,0,urd,"[LANG=urd] جیالوں اور پٹواریوں کو مکس کر دیا گیا "" بھٹواری "" 😂😂😂","[2.546159505844116, 1.6988016366958618, 1.4481760263442993, 1.3560545444488525, 1.5667904615402222]"
urd_57f9c1f2abb29e706e2b19f1cfb6df6b,ہمیں بابری کی یاد کو تازہ رکھنا ہے۔ فسطائیت کے خلاف مضبوط ہتھیار ہے یاد رکھنا۔ #BabriMasjidAwaitsJustice,1,0,1,0,0,urd,[LANG=urd] ہمیں بابری کی یاد کو تازہ رکھنا ہے۔ فسطائیت کے خلاف مضبوط ہتھیار ہے یاد رکھنا۔ #BabriMasjidAwaitsJustice,"[-0.5565180778503418, -1.4749195575714111, -0.158390611410141, -1.98433256149292, -1.756056547164917]"
urd_de9bf216ddc2531a1fd0164c3a611184,لانگ مارچ کے منفی اثرات تادیر پیچھا کریں گے: ماہرین,0,0,0,0,0,urd,[LANG=urd] لانگ مارچ کے منفی اثرات تادیر پیچھا کریں گے: ماہرین,"[-1.7671124935150146, -2.1046109199523926, -2.184108018875122, -2.6947386264801025, -2.7732181549072266]"
urd_a88f2d88fd613dc1625f68eeb4b69387,کراچی :مفرور ملزمان میں حیدر گدی اور را ایجنٹ طاہر لمبا شامل,0,0,0,0,0,urd,[LANG=urd] کراچی :مفرور ملزمان میں حیدر گدی اور را ایجنٹ طاہر لمبا شامل,"[0.018361976370215416, -1.6163930892944336, -1.5315760374069214, -2.0354630947113037, -1.50809907913208]"
urd_7126aa11b3f99cb63c3a7f30da2968b0,ہے جان ہماری حاضر ناموس نبی کی خاطر دنیا پہ کریں گیں ظاہر اس دعوے کی سچائی​ #LabbaikYaRasoolAllah,0,0,1,0,0,urd,[LANG=urd] ہے جان ہماری حاضر ناموس نبی کی خاطر دنیا پہ کریں گیں ظاہر اس دعوے کی سچائی​ #LabbaikYaRasoolAllah,"[-1.119213342666626, -2.350135087966919, -1.3553358316421509, -2.984628915786743, -2.919935941696167]"
urd_8de02aa4a6c7f806e4342384690b13d2,اسلام باد تیار ہوجاو پشتون قوم ارہاہے #PashtunLongMarch2Islamabad,0,0,0,0,0,urd,[LANG=urd] اسلام باد تیار ہوجاو پشتون قوم ارہاہے #PashtunLongMarch2Islamabad,"[-0.8249993920326233, -0.614632785320282, -0.47492697834968567, -2.6650681495666504, -2.2959673404693604]"
urd_601993038f9d3f27291d218ea359cb4c,روس نے16 لاکھ افغانی قتل کیے امریکہ7 لاکھ افغانی قتل کرچکےہیں پاکستان نے40 لاکھ افغان مہاجرین کو پناہ دی گالیاں کس کو ملنی چاہیئے؟,1,1,1,1,1,urd,[LANG=urd] روس نے16 لاکھ افغانی قتل کیے امریکہ7 لاکھ افغانی قتل کرچکےہیں پاکستان نے40 لاکھ افغان مہاجرین کو پناہ دی گالیاں کس کو ملنی چاہیئے؟,"[1.5597690343856812, 1.3541404008865356, 0.7750928401947021, 0.9318183660507202, 0.94352126121521]"
urd_f003e950134d6e001a22d1651c7aa5d6,#TlpOwnsIlmDeenShaheed گستاخ رسول کی ایک کی سزا سر تن سے جدا سر تن سے جدا,1,1,1,1,1,urd,[LANG=urd] #TlpOwnsIlmDeenShaheed گستاخ رسول کی ایک کی سزا سر تن سے جدا سر تن سے جدا,"[1.7318047285079956, 1.5322469472885132, 2.122385263442993, 1.5316617488861084, 1.224554181098938]"
urd_fe9fcd85c6e5f5cb068d7cfcd7eb1c83,جی ایچ کیو سے فیصلہ آ گیا۔,0,0,0,0,0,urd,[LANG=urd] جی ایچ کیو سے فیصلہ آ گیا۔,"[-0.888497531414032, -1.8241968154907227, -1.8117998838424683, -2.36745023727417, -2.284688711166382]"
urd_c76cee27cf846d3c235b3e0367871e91,ڈپٹی سپیکر قاسم سوری نے تحریک عدم اعتماد کو یہ کہتے ہوئے مسترد کر دیا کہ یہ بیرونی سازش ہے,0,0,0,0,0,urd,[LANG=urd] ڈپٹی سپیکر قاسم سوری نے تحریک عدم اعتماد کو یہ کہتے ہوئے مسترد کر دیا کہ یہ بیرونی سازش ہے,"[-1.2298269271850586, -2.418713092803955, -2.1776561737060547, -2.769744873046875, -2.684309244155884]"
urd_d6421b89999cadd2774271ed374cbede,صیہونی درندگی کیخلاف امریکا، فرانس، بھارت سمیت کئی ممالک میں مظاہرے @USER,0,0,0,0,0,urd,[LANG=urd] صیہونی درندگی کیخلاف امریکا، فرانس، بھارت سمیت کئی ممالک میں مظاہرے @USER,"[-0.20858104526996613, -0.4664367437362671, -0.8652188777923584, -1.1208454370498657, -1.100772500038147]"
urd_be10d9940503bf90e393dff80938c062,آزادی مارچ اپڈیٹ: لواطت کا وقت شروع ہونے والا ہے 😅😂🤣😜😛😝,1,1,1,1,1,urd,[LANG=urd] آزادی مارچ اپڈیٹ: لواطت کا وقت شروع ہونے والا ہے 😅😂🤣😜😛😝,"[2.170060634613037, 1.6412330865859985, 1.6398954391479492, 1.432923674583435, 1.5116913318634033]"
urd_cb10c70bea7946250e047e28bcb4bbba,@USER شہباز گل قوم اور ملک کا غدار ھے اسے کسی بھی قسم کا ریلیف دینا انصافی تقاضوں کے ساتھ زیادتی ھو گی۔۔۔,1,0,0,0,0,urd,[LANG=urd] @USER شہباز گل قوم اور ملک کا غدار ھے اسے کسی بھی قسم کا ریلیف دینا انصافی تقاضوں کے ساتھ زیادتی ھو گی۔۔۔,"[0.5549365282058716, -0.5844454169273376, -0.30159032344818115, -1.0631484985351562, -1.2113869190216064]"
urd_4b4c45b61d262868c91f9cd2bb0208bc,لوگوں کو فرقہ واریت پر لڑایا جا رہا ہے قائد جمعیت مولانا فضل الرحمن,0,0,0,0,0,urd,[LANG=urd] لوگوں کو فرقہ واریت پر لڑایا جا رہا ہے قائد جمعیت مولانا فضل الرحمن,"[-0.3381343483924866, -1.448411226272583, -0.024126816540956497, -1.7930853366851807, -1.339140772819519]"
urd_efc6c2bdf77e160c984ba19a562c5f51,@USER  ضیا کے خاکروبوں میں شریفوں کے علاوہ حسین حقانی ٹائپ کے ٹاؤٹ بھی شامل تھے  @USER @USER @USER,1,1,1,1,1,urd,[LANG=urd] @USER  ضیا کے خاکروبوں میں شریفوں کے علاوہ حسین حقانی ٹائپ کے ٹاؤٹ بھی شامل تھے  @USER @USER @USER,"[2.071730852127075, 1.276658296585083, 1.1530793905258179, 1.1765658855438232, 1.0511372089385986]"
urd_568fd05f00517f7480e4549d21381e08,مریم نوازکےنام سے بے نامی فلیٹس خریدے گئے، نعیم بخاری,0,0,0,0,0,urd,[LANG=urd] مریم نوازکےنام سے بے نامی فلیٹس خریدے گئے، نعیم بخاری,"[-1.387717604637146, -2.728743553161621, -2.4745771884918213, -2.7777695655822754, -2.5740368366241455]"
urd_10c72b2298d7b5a765196c010debfd7d,مرتد کے معنی کیا ہیں، بہت کنفیوژن ہے، کوئی سمجھا سکتا ہے؟,0,0,0,0,0,urd,[LANG=urd] مرتد کے معنی کیا ہیں، بہت کنفیوژن ہے، کوئی سمجھا سکتا ہے؟,"[1.7959511280059814, 1.5647672414779663, 1.4407786130905151, 1.3343018293380737, 1.268117904663086]"
urd_a8a48857b073401b642f84eef7f110a4,آج لطیفے کو بهی یاد آیا کہ دو ہزار بندہ مر گیا  سندهی قوم پرست جماعتیں بهی ڈرامے باز ہیں (ایاز لطیف پلیجو),1,1,1,1,1,urd,[LANG=urd] آج لطیفے کو بهی یاد آیا کہ دو ہزار بندہ مر گیا  سندهی قوم پرست جماعتیں بهی ڈرامے باز ہیں (ایاز لطیف پلیجو),"[2.2094945907592773, 1.6054126024246216, 1.6854063272476196, 1.4720792770385742, 1.5339279174804688]"
urd_e14d7a5f446414e43b76e9466f5c8304,پاکستان کا صدروزیراعٰظم مسلمان ہی ہوسکتا ہے کیونکہ پاکستان ایک مسلمان ملک ہے سیکولر ملک نہیں ہے,1,1,0,0,0,urd,[LANG=urd] پاکستان کا صدروزیراعٰظم مسلمان ہی ہوسکتا ہے کیونکہ پاکستان ایک مسلمان ملک ہے سیکولر ملک نہیں ہے,"[1.1182024478912354, 1.0398147106170654, 1.4595680236816406, 0.7871031761169434, 0.9897023439407349]"
urd_92711a17044832845a100ef50d30c56b,مانا سارے تگڑے اپر پنجاب سے ھیں تو اس کا مطلب ھےسب کام وہاں ھی ھوں @USER پھر کہتے ھیں جنوبی پنجاب صوبہ کیوں مانگتے @USER فیصل آباد فیکٹری,0,0,0,0,0,urd,[LANG=urd] مانا سارے تگڑے اپر پنجاب سے ھیں تو اس کا مطلب ھےسب کام وہاں ھی ھوں @USER پھر کہتے ھیں جنوبی پنجاب صوبہ کیوں مانگتے @USER فیصل آباد فیکٹری,"[1.6429299116134644, 1.4736157655715942, 1.0258877277374268, 1.1139719486236572, 1.0703294277191162]"
urd_73de57b0a8325bebe12e873fe7fd487c,مذہبی منافرت کے خاتمے کی عملی کوششیں کی ہیں ،ارکان رابطہ کمیٹی احمد سلیم صدیقی ، سیف یار خان @USER #MQM #Pakistan 2/2,0,0,0,0,0,urd,[LANG=urd] مذہبی منافرت کے خاتمے کی عملی کوششیں کی ہیں ،ارکان رابطہ کمیٹی احمد سلیم صدیقی ، سیف یار خان @USER #MQM #Pakistan 2/2,"[-2.2956604957580566, -2.5467262268066406, -2.284205198287964, -2.9930412769317627, -3.3725082874298096]"
urd_cb462ad100e3fb3082320e2527132954,اتنے بڑے لیول پر احتجاج اور مارچز کے باوجود توہین صحابہ پر کسی بھی گستاخ کی ابھی تک گرفتاری نہ ہونا حکومت کے کنڑرول سے معاملہ باہر لگتا ہے۔,1,1,1,1,1,urd,[LANG=urd] اتنے بڑے لیول پر احتجاج اور مارچز کے باوجود توہین صحابہ پر کسی بھی گستاخ کی ابھی تک گرفتاری نہ ہونا حکومت کے کنڑرول سے معاملہ باہر لگتا ہے۔,"[0.4273587465286255, -0.7610642910003662, 0.05080689117312431, -1.166652798652649, -1.2278927564620972]"
urd_423cf33dda05584da488e8bf3b6ce739,پاکستان میں نمک بھی پوری دنیا سے زیادہ پایا جاتا ہے اور نمک حرام بھی,1,1,1,1,1,urd,[LANG=urd] پاکستان میں نمک بھی پوری دنیا سے زیادہ پایا جاتا ہے اور نمک حرام بھی,"[0.05025530233979225, -0.6074663400650024, -0.2949178218841553, -1.1781284809112549, -0.3209143579006195]"
urd_ad602379da2cae8277ed15a8cefd7465,شیخ رشید احمد بطور وزیر داخلہ پاکستان کیسا رہے گا کرپٹ مافیا کے بدمعاشیوں کو صرف شیخ ہی سنبھال سکتا ہے اگر متفق ہیں تو آر ٹی کریں @USER @USER,1,0,0,0,0,urd,[LANG=urd] شیخ رشید احمد بطور وزیر داخلہ پاکستان کیسا رہے گا کرپٹ مافیا کے بدمعاشیوں کو صرف شیخ ہی سنبھال سکتا ہے اگر متفق ہیں تو آر ٹی کریں @USER @USER,"[2.2077860832214355, 1.2891844511032104, 1.201819658279419, 1.1095831394195557, 1.0990432500839233]"
urd_0ec22edfb771d8f817929f299c846c75,لفافہ صحافی تو سنا تھا، لفافہ ممبر اسمبلی بھی دیکھ لیا,1,1,1,1,1,urd,[LANG=urd] لفافہ صحافی تو سنا تھا، لفافہ ممبر اسمبلی بھی دیکھ لیا,"[2.453491687774658, 1.81814706325531, 1.6110990047454834, 1.6415570974349976, 1.6745221614837646]"
urd_0d15661ec72c1ccddeea3d1b15cec6fe,کیا بات ہے پہلے گھڑی والا پراپیگنڈا نہیں چل سکا اب انگوٹھی کی ایک نئی داستان بنا کر پیش کی جا رہی ہے #شرم_تم_کو_مگر_نہیں_آتی,0,0,0,0,0,urd,[LANG=urd] کیا بات ہے پہلے گھڑی والا پراپیگنڈا نہیں چل سکا اب انگوٹھی کی ایک نئی داستان بنا کر پیش کی جا رہی ہے #شرم_تم_کو_مگر_نہیں_آتی,"[1.2419137954711914, -0.4592117667198181, -0.3001660108566284, -0.4736754894256592, -0.04275430366396904]"
urd_d129faaf8bf1215173d6f24e266feed1,صرف 3 نومبر 2007ء کے ایمرجنسی کے نفاذ کو آئین کی خلاف ورزی کیوں قرار دے رہے ہیں؟ @URL 2/2 #AltafAsks #MQM,0,0,0,0,0,urd,[LANG=urd] صرف 3 نومبر 2007ء کے ایمرجنسی کے نفاذ کو آئین کی خلاف ورزی کیوں قرار دے رہے ہیں؟ @URL 2/2 #AltafAsks #MQM,"[-1.4938631057739258, -2.3152456283569336, -2.0063974857330322, -2.755340814590454, -2.9684770107269287]"
urd_90a7b379001301e845e1228dfe055b36,سینٹ میں ن لیگ کے امیدواروں کو پارٹی ڈسپلن سے آزاد کر کے سپریم کورٹ نے ہارس ٹریڈنگ کے لئیے راہ ہموار کر دی ھے-,1,1,1,1,1,urd,[LANG=urd] سینٹ میں ن لیگ کے امیدواروں کو پارٹی ڈسپلن سے آزاد کر کے سپریم کورٹ نے ہارس ٹریڈنگ کے لئیے راہ ہموار کر دی ھے-,"[-0.5208895802497864, -2.064451217651367, -1.8860114812850952, -2.2088396549224854, -2.2512409687042236]"
urd_f37f7873eee0ab3ce5e725e83820838e,بیرونی سازش میر جعفر اور میر صادق نے کامیاب کرائی، عمران خان #ImranKhanOurRedLine,1,1,1,1,1,urd,[LANG=urd] بیرونی سازش میر جعفر اور میر صادق نے کامیاب کرائی، عمران خان #ImranKhanOurRedLine,"[0.46952563524246216, -0.6318899989128113, -0.3772924244403839, -1.1431723833084106, -1.21649968624115]"
urd_c56297af10db829eb63e0f6fa0fe0e71,بلاشبہ صحابہ کے منکر کافر ہیں #SaturdayThoughts #ShiaGenocide #صحابہؓ_معیارحق,1,1,1,1,1,urd,[LANG=urd] بلاشبہ صحابہ کے منکر کافر ہیں #SaturdayThoughts #ShiaGenocide #صحابہؓ_معیارحق,"[1.1898177862167358, 1.3043553829193115, 1.960416316986084, 1.301025629043579, 1.157768726348877]"
urd_875f1ac7633825553848b894d18cdec4,آپ کوکیاکچھ کرناپڑرہاہے؛صوبائی تعصب کو ہوا دینی پڑرہی ہےمذہبی جنون والی پارٹی بنانا پڑرہی ہے؛میڈیابندکرناپڑرہاہے۔زر… @USER,1,1,0,0,0,urd,[LANG=urd] آپ کوکیاکچھ کرناپڑرہاہے؛صوبائی تعصب کو ہوا دینی پڑرہی ہےمذہبی جنون والی پارٹی بنانا پڑرہی ہے؛میڈیابندکرناپڑرہاہے۔زر… @USER,"[2.233503580093384, 1.4744919538497925, 1.4750834703445435, 1.351747751235962, 1.4187324047088623]"
urd_58ac6317d4ac92de38ad8c1b4d41bd1d,دنیا میں ایران کے بعد سب سے زیادہ شیعہ پنجاب/سندھ میں موجود ہیں، مگر پاکستان میں بڑے فرقہ ورانہ فسادات پختونخوا/فاٹا میں کیوں ہوتے ہیں؟,1,1,1,0,0,urd,[LANG=urd] دنیا میں ایران کے بعد سب سے زیادہ شیعہ پنجاب/سندھ میں موجود ہیں، مگر پاکستان میں بڑے فرقہ ورانہ فسادات پختونخوا/فاٹا میں کیوں ہوتے ہیں؟,"[-1.361079454421997, -2.020643711090088, -1.470209002494812, -2.53191876411438, -2.8410511016845703]"
urd_d27cd9e5c7fa92d05fbb8f5b68ec416d,ہم سے زیادہ غیرت مند تو سری لنکن ہیں۔۔۔۔ #امپورٹڈ_حکومت_نامنظور,1,1,1,1,1,urd,[LANG=urd] ہم سے زیادہ غیرت مند تو سری لنکن ہیں۔۔۔۔ #امپورٹڈ_حکومت_نامنظور,"[1.9618618488311768, 1.6834499835968018, 1.0209007263183594, 1.1617605686187744, 1.120553731918335]"
urd_3e02a448cc53a3f46a51e72c130c2443,#پاکستان کے وسائل پر مسلط کرپٹ حکمران عوام کو کچھ نہیں دیں گے، عوام کو کرپشن کے ہاتھ کاٹنا ہوں گے۔ #Pakistan #VisionOfDrQadri,1,1,1,1,1,urd,[LANG=urd] #پاکستان کے وسائل پر مسلط کرپٹ حکمران عوام کو کچھ نہیں دیں گے، عوام کو کرپشن کے ہاتھ کاٹنا ہوں گے۔ #Pakistan #VisionOfDrQadri,"[0.5745533108711243, -0.8790485262870789, -0.6076000928878784, -1.0273756980895996, -1.157800316810608]"
urd_7e878448d4b22bf868b3108f48790c7e,@USER تجھ جیسے ہوتے ہیں بیغیرت وطن فروش ولد حرام جنہوں نے ملک توڑا اور اب کشمیر بیچ دیا۔ جتنی تیری گزر گٸ اور جتنی باقی ہے اس سب پہ لعنت ✋,1,1,1,1,1,urd,[LANG=urd] @USER تجھ جیسے ہوتے ہیں بیغیرت وطن فروش ولد حرام جنہوں نے ملک توڑا اور اب کشمیر بیچ دیا۔ جتنی تیری گزر گٸ اور جتنی باقی ہے اس سب پہ لعنت ✋,"[2.3318657875061035, 2.021488904953003, 2.1182944774627686, 1.7896536588668823, 1.6982324123382568]"
urd_2acb6fa7293b6e5a71e85bd60094335c,نیشنل ایکشن پلان۔۔۔۔۔?? گستاخ صحابہ بے لگام ہو چکے ہیں۔ اصحاب رسول کی گستاخی نامنظور #BandAbbTakkNews,0,0,0,0,0,urd,[LANG=urd] نیشنل ایکشن پلان۔۔۔۔۔?? گستاخ صحابہ بے لگام ہو چکے ہیں۔ اصحاب رسول کی گستاخی نامنظور #BandAbbTakkNews,"[1.6372995376586914, 1.3182517290115356, 2.223557233810425, 1.3760724067687988, 1.2902249097824097]"
urd_89d9eb4a619dfc799f5d5a736a4b9686,عمران، قادری ملاقات کو لندن پلان کہنے والے دماغ کا استعمال کریں۔ ڈاکٹر شاہد مسعود #InqilabInFaisalabad @USER,1,1,1,1,1,urd,[LANG=urd] عمران، قادری ملاقات کو لندن پلان کہنے والے دماغ کا استعمال کریں۔ ڈاکٹر شاہد مسعود #InqilabInFaisalabad @USER,"[0.7891311645507812, -0.11982353031635284, 0.16966664791107178, -0.21331632137298584, -0.4845573604106903]"
urd_133689d1baebba2f447713b9038b4e6f,وزیراعظم محمد نواز شریف نے کہا ہے کہ ملک میں نعروں اور دھرنوں کی سیاست کی کوئی گنجائش نہیں ہے. #MyJunoonPMLNoon,1,1,1,1,1,urd,[LANG=urd] وزیراعظم محمد نواز شریف نے کہا ہے کہ ملک میں نعروں اور دھرنوں کی سیاست کی کوئی گنجائش نہیں ہے. #MyJunoonPMLNoon,"[-1.3353288173675537, -2.2063465118408203, -1.8184856176376343, -2.5552978515625, -2.7304580211639404]"
urd_7377156a1a641ed988708b61656962a7,نیویارک میں دھماکا موم بتی مافیا کا احتجاج  شروع میں ہونا میں کچھ ہی وقت باقی,1,1,0,0,0,urd,[LANG=urd] نیویارک میں دھماکا موم بتی مافیا کا احتجاج  شروع میں ہونا میں کچھ ہی وقت باقی,"[1.9690138101577759, 0.9215874671936035, 0.9331303834915161, 0.7951632738113403, 1.003296136856079]"
urd_c950efc4aae37cb0b8b0184dc842b099,زرد صحافت کا مطلب کیا پیسہ پاور اور کیا ۔ ۔ ۔ ۔ ۔ ۔ #آزادی_صحافت_کا_مطلب,0,0,0,0,0,urd,[LANG=urd] زرد صحافت کا مطلب کیا پیسہ پاور اور کیا ۔ ۔ ۔ ۔ ۔ ۔ #آزادی_صحافت_کا_مطلب,"[1.0058114528656006, -0.510572075843811, -0.4144270122051239, -0.3014925420284271, -0.12459377944469452]"
urd_e6cad1c515d6f6285d0e5f3c0d96af17,ہمارے اسلامی معاشرے میں اس حیا شکن ایپ کی کوئی گنجائش نہیں۔ ثبوت کے لیے صندل خٹک اور حریم شاہ ملاحظہ فرمائیے۔#BanTiktok,1,1,1,1,1,urd,[LANG=urd] ہمارے اسلامی معاشرے میں اس حیا شکن ایپ کی کوئی گنجائش نہیں۔ ثبوت کے لیے صندل خٹک اور حریم شاہ ملاحظہ فرمائیے۔#BanTiktok,"[1.9835399389266968, 1.3890520334243774, 2.2632339000701904, 1.843700885772705, 1.3099942207336426]"
urd_9924f6f6b9d354fab8a780db0af1806a,الحمدللہ عورت مارچ پر بھی پابندی لگا دی گئی ہے۔ شکریہ خان صاحب اس بڑے اور اچھے کام کےلئے یہ بہت ضروری تھا۔,1,1,1,1,1,urd,[LANG=urd] الحمدللہ عورت مارچ پر بھی پابندی لگا دی گئی ہے۔ شکریہ خان صاحب اس بڑے اور اچھے کام کےلئے یہ بہت ضروری تھا۔,"[-0.6060141921043396, -1.8029260635375977, -1.5592364072799683, -1.7448523044586182, -2.256828546524048]"
urd_600675d56f8a5169848cb70d6d8433b6,عمران خان پر توہین مذہب کا الزام لگانے پر پی ٹی آئی کا مریم نواز کیخلاف عدالت جانے کا فیصلہ,0,0,0,0,0,urd,[LANG=urd] عمران خان پر توہین مذہب کا الزام لگانے پر پی ٹی آئی کا مریم نواز کیخلاف عدالت جانے کا فیصلہ,"[-0.18870562314987183, -1.8352097272872925, -1.3432719707489014, -1.8362414836883545, -1.8699498176574707]"
urd_561ec53f0359a36e740f7cc13baef530,لندن پلان پرنہ کسی سازش کاعلم تھانہ حصہ تھااورنہ عمران قادری سےکوئی رابطہ تھا،گورنرپنجاب,0,0,0,0,0,urd,[LANG=urd] لندن پلان پرنہ کسی سازش کاعلم تھانہ حصہ تھااورنہ عمران قادری سےکوئی رابطہ تھا،گورنرپنجاب,"[1.018070936203003, -0.5877132415771484, -0.4189789295196533, -0.8987383842468262, -0.7938014268875122]"
urd_9cc11f81dfaecdb8cf1aa86fd48eb4f9,فلسطینی خود مختار انتظامیہ کو نتن یاہو کی دھمکی صیہونی حکومت کے وزیراعظم بنیامین نیتن یاہو نے اقوام متحدہ @USER @USER,0,0,0,0,0,urd,[LANG=urd] فلسطینی خود مختار انتظامیہ کو نتن یاہو کی دھمکی صیہونی حکومت کے وزیراعظم بنیامین نیتن یاہو نے اقوام متحدہ @USER @USER,"[-1.6994917392730713, -2.4771831035614014, -2.5267374515533447, -2.7646820545196533, -2.9174015522003174]"
urd_8df56c6ab91524fe113aa222f139d705,پاکستان میں سب سے زیادہ مذہبی انتہا پسندی کو فروغ پنجاب نے دیا اور آج تک فروغ دے رہا ہے ۔,1,0,0,0,0,urd,[LANG=urd] پاکستان میں سب سے زیادہ مذہبی انتہا پسندی کو فروغ پنجاب نے دیا اور آج تک فروغ دے رہا ہے ۔,"[2.0490550994873047, 1.8275803327560425, 1.6810916662216187, 1.4824378490447998, 1.5755157470703125]"
urd_ccdae6ec0cb7499364061276e6600e9b,ہمارے نبی آخرالزماںمحمدﷺ کی بے حرمتی کسی بھی مسلمان کے لیے بے حد تکلیف کا باعث ہے ۔ #إلا_رسول_الله_يا_مودي,0,0,0,0,0,urd,[LANG=urd] ہمارے نبی آخرالزماںمحمدﷺ کی بے حرمتی کسی بھی مسلمان کے لیے بے حد تکلیف کا باعث ہے ۔ #إلا_رسول_الله_يا_مودي,"[-1.4901609420776367, -2.513279676437378, -1.5687943696975708, -2.7949917316436768, -3.008516550064087]"
urd_075dae55ad35721a0dd63f8f5fa41741,تمام پی پی جیالا مجھے FollowBack دیں ❤ #IamSupporterOfZardari,0,0,0,0,0,urd,[LANG=urd] تمام پی پی جیالا مجھے FollowBack دیں ❤ #IamSupporterOfZardari,"[1.5198967456817627, 0.8558969497680664, 0.7859905958175659, 1.0602734088897705, 0.7424962520599365]"
urd_ee8f8ee8df4bfa688acdfe601f684e62,وہ اور کوئی نہیں ملک کا غدار تھا #وہ_کون_تھا,1,0,0,0,0,urd,[LANG=urd] وہ اور کوئی نہیں ملک کا غدار تھا #وہ_کون_تھا,"[0.5089649558067322, -1.2254698276519775, -0.8634289503097534, -1.533008098602295, -1.2020745277404785]"
urd_82d0b3a0daaca9649eee319a753b2420,ہماری سوسائیٹی میں اختلاف رائے رکھنا ایسا ہی ہے جیسے کوئی مرتد ہو جائے اور واجب القتل ٹھہرے,0,0,0,0,0,urd,[LANG=urd] ہماری سوسائیٹی میں اختلاف رائے رکھنا ایسا ہی ہے جیسے کوئی مرتد ہو جائے اور واجب القتل ٹھہرے,"[2.2066776752471924, 1.6627088785171509, 1.633266568183899, 1.6587698459625244, 1.3906469345092773]"
urd_55e8a0a4e22ba1db319750b239567a47,اللّٰہ الحق ہے عمران خان کو یہودی ایجنٹ کہنے والے خود یہودی ایجنٹ ثابت ہو رہے ہیں۔ ✌,1,1,1,1,1,urd,[LANG=urd] اللّٰہ الحق ہے عمران خان کو یہودی ایجنٹ کہنے والے خود یہودی ایجنٹ ثابت ہو رہے ہیں۔ ✌,"[1.5073115825653076, 1.0308444499969482, 1.7454174757003784, 0.6921218633651733, 0.7675151824951172]"
urd_db96e2a4c2438e779f8ded9be021eb7d,کیا جاوید لطیف نے ایک مذہبی تنظیم بنا کر منتخب حکومت کے خلاف مذہب کارڈ کھیلا جو غدار ٹھہرا🤔 #WeStandWithJavedLatif,0,0,0,0,0,urd,[LANG=urd] کیا جاوید لطیف نے ایک مذہبی تنظیم بنا کر منتخب حکومت کے خلاف مذہب کارڈ کھیلا جو غدار ٹھہرا🤔 #WeStandWithJavedLatif,"[1.6330610513687134, 0.9331428408622742, 1.5100574493408203, 0.7970666885375977, 0.9708809852600098]"
urd_1e10addbc587d8d53f16ceb6ecc7fcd4,کس کتے نے کہا تھا کی میں این آر او نہیں دوں گا اور اب اپنی بہن کو ہی این آر او دے دیا ہے اوہ بے غیرتو,1,0,0,0,0,urd,[LANG=urd] کس کتے نے کہا تھا کی میں این آر او نہیں دوں گا اور اب اپنی بہن کو ہی این آر او دے دیا ہے اوہ بے غیرتو,"[2.059058427810669, 1.719490885734558, 1.7235335111618042, 1.912483811378479, 1.7156410217285156]"
urd_348c0a10737e4e6e3e20c328961cdd6e,25 مئ ملکی تاریخ کا سب سے بڑا لانگ مارچ !!!!! #امپورٹڈ_حکومت_نامنظور,0,0,0,0,0,urd,[LANG=urd] 25 مئ ملکی تاریخ کا سب سے بڑا لانگ مارچ !!!!! #امپورٹڈ_حکومت_نامنظور,"[2.0333099365234375, 1.086183786392212, 1.2089158296585083, 0.8810005784034729, 0.9137222766876221]"
urd_a8bffc58b1e4489da16f83e2f7dc6681,باجوہ ڈاکٹرائن کو ختم کرنے کے لیے سازش گھڑی گئی، مگر جسے اللہ عزت دے اُسے کوئی رسوا نہیں کر سکتا۔ #BajwaDoctrineContinue,1,1,1,1,1,urd,[LANG=urd] باجوہ ڈاکٹرائن کو ختم کرنے کے لیے سازش گھڑی گئی، مگر جسے اللہ عزت دے اُسے کوئی رسوا نہیں کر سکتا۔ #BajwaDoctrineContinue,"[2.1646385192871094, 1.7034633159637451, 2.093177080154419, 1.7059574127197266, 1.477886438369751]"
urd_2e202b47286470308403c4695b4457f7,چالیس چوروں نے آج عدلیہ پر چڑھائی کی، لیکن ایک لفظ بھی نیوٹرلز کے خلاف نہیں بولا 🙂,1,1,1,1,1,urd,[LANG=urd] چالیس چوروں نے آج عدلیہ پر چڑھائی کی، لیکن ایک لفظ بھی نیوٹرلز کے خلاف نہیں بولا 🙂,"[2.3792266845703125, 1.621334433555603, 1.6594477891921997, 1.4057347774505615, 1.5527591705322266]"
urd_a2a6eff14ea10800681a56757152c41a,اگر شیعہ کافر نہیں تو کائنات میں کوئی کافر نہیں۔,1,1,1,1,1,urd,[LANG=urd] اگر شیعہ کافر نہیں تو کائنات میں کوئی کافر نہیں۔,"[-0.12983399629592896, 0.06970266252756119, 0.31065183877944946, -0.44445881247520447, -0.437619149684906]"
urd_5daafa3e673c1863605804806563d8a9,تمام سیاست دانوں کے لیے سبق ہے، اور پہنو کالے کوٹ! اور چلاؤ عدلیہ کے حق میں تحریکیں!,1,1,1,1,1,urd,[LANG=urd] تمام سیاست دانوں کے لیے سبق ہے، اور پہنو کالے کوٹ! اور چلاؤ عدلیہ کے حق میں تحریکیں!,"[0.8572227954864502, -0.7073751091957092, -0.3338247835636139, -0.7516283988952637, -1.0533463954925537]"
urd_c1a142308c9361cec2c78d70dccaadf2,راجہ داہر لبرلز اور ایک مخصوص جماعت کا پسندیدہ ہے۔۔۔ کیونکہ وہ اپنی بہن کے بچوں کاباپ تھا۔۔۔,1,0,0,1,0,urd,[LANG=urd] راجہ داہر لبرلز اور ایک مخصوص جماعت کا پسندیدہ ہے۔۔۔ کیونکہ وہ اپنی بہن کے بچوں کاباپ تھا۔۔۔,"[2.3867411613464355, 1.2446492910385132, 1.4374421834945679, 1.3134241104125977, 1.1092314720153809]"
urd_693e435c06282ea71d50a4c799249148,بندوق کے زریعے دوسروں پر اپنا نظریہ  مسلط کرنے والا ہر شخص دہشت گرد ہے وہ چاہے ملحد ہو، مسلمان ہو یا عیسائی ۔۔,0,0,0,0,0,urd,[LANG=urd] بندوق کے زریعے دوسروں پر اپنا نظریہ  مسلط کرنے والا ہر شخص دہشت گرد ہے وہ چاہے ملحد ہو، مسلمان ہو یا عیسائی ۔۔,"[0.8648275136947632, 0.9356335997581482, 1.49956476688385, 0.6143905520439148, 0.774800181388855]"
urd_3e84c5bd6176524452888d7eb7a5f060,سری نگر:مقبوضہ کشمیرمیں بھارتی ریاستی دہشت گردی کےخلاف مکمل ہڑتال,0,0,0,0,0,urd,[LANG=urd] سری نگر:مقبوضہ کشمیرمیں بھارتی ریاستی دہشت گردی کےخلاف مکمل ہڑتال,"[-1.4446282386779785, -2.0104236602783203, -1.9125854969024658, -2.479032278060913, -2.763024091720581]"
urd_ee5f6baf5b0e45476272a2d5009dd1fb,قادیانیت اقلیت نہیں فتنہ ہے جاہل اسے اقلیت کا درجہ دے رہے ہیں اقلیتوں کے تحفظ کا حکم ہے اور فتنوں کو جڑ سے اکھاڑنے @USER,0,0,1,0,0,urd,[LANG=urd] قادیانیت اقلیت نہیں فتنہ ہے جاہل اسے اقلیت کا درجہ دے رہے ہیں اقلیتوں کے تحفظ کا حکم ہے اور فتنوں کو جڑ سے اکھاڑنے @USER,"[1.5320374965667725, 1.1680842638015747, 1.803195595741272, 0.7195667624473572, 1.109623670578003]"
urd_c69a12f441d8c2c7b22bd71b2cbd4555,یہ لانگ مارچ زیادہ لانگ نہیں ہو گیا؟ #ImranKhan #longmarch,0,0,0,0,0,urd,[LANG=urd] یہ لانگ مارچ زیادہ لانگ نہیں ہو گیا؟ #ImranKhan #longmarch,"[-1.1622340679168701, -2.242887258529663, -2.2149710655212402, -2.537815570831299, -2.562134027481079]"
urd_9ef6e93631a162fcbf4a163e16e6e235,ساری عمر نیوٹرل ایمپائر کا شور مچانے والے کا ایمپائر کے نیوٹرل ہونے سے برا حال ہے #پی_ٹی_ائی_لیرو_لیر,1,1,1,1,1,urd,[LANG=urd] ساری عمر نیوٹرل ایمپائر کا شور مچانے والے کا ایمپائر کے نیوٹرل ہونے سے برا حال ہے #پی_ٹی_ائی_لیرو_لیر,"[2.185945987701416, 1.33822762966156, 1.211512804031372, 1.0555442571640015, 1.3889548778533936]"
urd_f3eb8a35b2b118cc1ed2380f6447384e,کرائم منسٹر جس کا ہاتھ پکڑتا ہے دوسرے کو زبردستی چھوڑانا پڑتا ہے۔ #ن_لیگ_فتنہ_لیگ,1,1,1,1,1,urd,[LANG=urd] کرائم منسٹر جس کا ہاتھ پکڑتا ہے دوسرے کو زبردستی چھوڑانا پڑتا ہے۔ #ن_لیگ_فتنہ_لیگ,"[2.319410562515259, 1.4996591806411743, 1.6169248819351196, 1.3142650127410889, 1.4508020877838135]"
urd_1012464a9b7239ea4e0e52ba8f993584,""" کارگل جنگ؟ میاں کو پتہ نہیں۔ ماڈل ٹاؤن قتل عام؟ میاں کو پتہ نہیں۔ فوج سے ثالثی کی درخواست؟ میاں کو پتہ نہیں """,1,1,1,1,1,urd,"[LANG=urd] "" کارگل جنگ؟ میاں کو پتہ نہیں۔ ماڈل ٹاؤن قتل عام؟ میاں کو پتہ نہیں۔ فوج سے ثالثی کی درخواست؟ میاں کو پتہ نہیں ""","[2.0122218132019043, 1.4933680295944214, 1.4925637245178223, 1.4304240942001343, 1.3497427701950073]"
urd_8a7830c99338975d06121a9c5600358f,خان صاحب آپ سائفر کے ساتھ ہی نہیں پاکستان کے ساتھ بھی کھیلتے رہے ہیں @USER,1,1,1,1,1,urd,[LANG=urd] خان صاحب آپ سائفر کے ساتھ ہی نہیں پاکستان کے ساتھ بھی کھیلتے رہے ہیں @USER,"[1.5119647979736328, 0.640929639339447, 0.8468379974365234, 0.5137688517570496, 0.8099011182785034]"
urd_a9284da5b8eb6f626ea72dd59098c814,"پاکستان کا قومی جانور "" مارخور "" پاکستان کا قومی دشمن "" حرامخور "" گھڑی چور 😂🤪😂",1,0,0,0,0,urd,"[LANG=urd] پاکستان کا قومی جانور "" مارخور "" پاکستان کا قومی دشمن "" حرامخور "" گھڑی چور 😂🤪😂","[2.726752996444702, 1.602051854133606, 1.4678058624267578, 1.0610530376434326, 1.5659284591674805]"
urd_c8ba8186789d3a822d51fe1aa7e0e321,جب تک سیاست دان شرافت دکھاتے رہہں گے تب تک فتنہ خان نیوٹرل المعروف بنڈیال جج بدمعاش رہیں گے,1,1,1,1,1,urd,[LANG=urd] جب تک سیاست دان شرافت دکھاتے رہہں گے تب تک فتنہ خان نیوٹرل المعروف بنڈیال جج بدمعاش رہیں گے,"[2.4466748237609863, 1.7649706602096558, 1.8142991065979004, 1.6056337356567383, 1.6459074020385742]"
urd_6d22c34d9fd7f394ba02d781342801ab,توہین مذہب کا الزام ثابت نہ ہونے پر الزام لگانے والے پر بھی توہین مذہب کا مقدمہ ہونا چاہیئے,0,0,0,0,0,urd,[LANG=urd] توہین مذہب کا الزام ثابت نہ ہونے پر الزام لگانے والے پر بھی توہین مذہب کا مقدمہ ہونا چاہیئے,"[-1.089077353477478, -1.3897950649261475, -0.8605218529701233, -1.8309900760650635, -2.0450692176818848]"
urd_e4cf15e539f50c327fa82f60d19f0668,نواز شریف کا بیانیہ ووٹ کو عزت دو عمران کا بیانیہ پاکستانیو گھبرانا نہیں مگر چلے گا #بیانیہ_صرف_نواز_کا,1,1,1,1,1,urd,[LANG=urd] نواز شریف کا بیانیہ ووٹ کو عزت دو عمران کا بیانیہ پاکستانیو گھبرانا نہیں مگر چلے گا #بیانیہ_صرف_نواز_کا,"[2.046031951904297, 1.5210349559783936, 1.345462441444397, 1.224261999130249, 1.2850860357284546]"
urd_b1bb45ecf444fa3d0a616b466009f97c,""" کوئی مجھے میرے سندھی بھائیوں سے دور نہیں کر سکتا - الطاف حسین "" #MQM مہاجر صوبہ بنانا اپنی جگہ #AchaSorry",0,0,0,0,0,urd,"[LANG=urd] "" کوئی مجھے میرے سندھی بھائیوں سے دور نہیں کر سکتا - الطاف حسین "" #MQM مہاجر صوبہ بنانا اپنی جگہ #AchaSorry","[1.7482143640518188, 1.5355100631713867, 0.995793879032135, 0.9897242784500122, 0.7883126735687256]"
urd_5051f68759f2cb435b8e411d704e89fc,یہ اوقات ہے جیالوں کی اور ان کے ڈاکو کی۔ @URL,0,0,0,0,0,urd,[LANG=urd] یہ اوقات ہے جیالوں کی اور ان کے ڈاکو کی۔ @URL,"[0.6480579972267151, -0.19321312010288239, -0.5077195167541504, -0.4369206726551056, -0.4647345244884491]"
urd_a4c59b4fa806d90888388e133e6489ab,میر جعفر اور میر صادق دونوں کمانڈر تھے ٹیپو سلطان اور سراج الدولہ کے اور دونوں ہی نیوٹرل ہوگئے تھے انگریزوں کے خلاف۔۔۔,0,0,0,0,0,urd,[LANG=urd] میر جعفر اور میر صادق دونوں کمانڈر تھے ٹیپو سلطان اور سراج الدولہ کے اور دونوں ہی نیوٹرل ہوگئے تھے انگریزوں کے خلاف۔۔۔,"[1.1903012990951538, 0.003659543115645647, 0.26145297288894653, -0.3041134774684906, -0.37304213643074036]"
urd_57888cc8431fb966e970ef04a38b079a,@USER سر وہ معاشرےکےوہ ماڈرن ماں باپ ہیں جواسوقت اپنی بیٹیوں کی ناچنےکی ویڈیوزmarriage bureaus کوemail کرکےاچھےرشتےکی امید کر رہے ہونگے,1,1,1,1,1,urd,[LANG=urd] @USER سر وہ معاشرےکےوہ ماڈرن ماں باپ ہیں جواسوقت اپنی بیٹیوں کی ناچنےکی ویڈیوزmarriage bureaus کوemail کرکےاچھےرشتےکی امید کر رہے ہونگے,"[2.097543478012085, 1.610540747642517, 1.5265141725540161, 1.8179715871810913, 1.5331223011016846]"
urd_aa989eb0340660eddf44256cc6e1f4a4,آ جائیں سب اس بدبخت گستاخ رسول کے خلاف آواز بلند کریں  #ArrestAndHangRajaSing  #ArrestAndHangRajaSing,0,0,1,0,0,urd,[LANG=urd] آ جائیں سب اس بدبخت گستاخ رسول کے خلاف آواز بلند کریں  #ArrestAndHangRajaSing  #ArrestAndHangRajaSing,"[0.7555800676345825, 0.7812657952308655, 1.2049168348312378, 0.3204629123210907, 0.4887077212333679]"
urd_530a23bcb8d4531d378fb903c7a7d61a,تاریخ گواہ ہے اور رہے گی کہ کون اس ملک کا غدار تھا اور کون نہیں #رو_عمران_رو,1,1,1,1,1,urd,[LANG=urd] تاریخ گواہ ہے اور رہے گی کہ کون اس ملک کا غدار تھا اور کون نہیں #رو_عمران_رو,"[1.31780207157135, 0.5582547187805176, 1.0034241676330566, 0.46162518858909607, 0.49685072898864746]"
urd_5f68611547d991c2399a05ea8f0b40e0,مسلمان گائےکےگلے پر چُھری چلاتا ہے اور ہندو اسکو ماں سمجھ کر پُوجتا ہے کیسے ہو گئےپھر یہ ایک قوم؟ یہ ہے دو قومی نظریہ #RoIndiaRo #ShameOnFIH,1,1,1,0,0,urd,[LANG=urd] مسلمان گائےکےگلے پر چُھری چلاتا ہے اور ہندو اسکو ماں سمجھ کر پُوجتا ہے کیسے ہو گئےپھر یہ ایک قوم؟ یہ ہے دو قومی نظریہ #RoIndiaRo #ShameOnFIH,"[1.2298121452331543, 1.4718986749649048, 1.9344888925552368, 1.233867883682251, 1.2494752407073975]"
urd_a72ed4b78daaf7518311d63d8e8193d8,مشرف کیخلاف آرٹیکل چھ کے تحت کارروائی،وزارت داخلہ نے خط وزارت قانون کو بھجوا دیا: شفقنا اردو (بین الاقوامی @USER @USER,0,0,0,0,0,urd,[LANG=urd] مشرف کیخلاف آرٹیکل چھ کے تحت کارروائی،وزارت داخلہ نے خط وزارت قانون کو بھجوا دیا: شفقنا اردو (بین الاقوامی @USER @USER,"[-2.0034923553466797, -2.752354621887207, -2.5608532428741455, -3.0152173042297363, -3.2053890228271484]"
urd_34e2f4bafa1a6f1bb69f44fe574bbcd3,عسکری اور سول قیادت کے درمیان ڈان لیکس معاملے پر پیدا ہونے والے تنازعے کے بعد رابطہ,0,0,0,0,0,urd,[LANG=urd] عسکری اور سول قیادت کے درمیان ڈان لیکس معاملے پر پیدا ہونے والے تنازعے کے بعد رابطہ,"[-1.1672370433807373, -2.097195625305176, -2.0862209796905518, -2.4005191326141357, -2.3075449466705322]"
urd_815135cd28e16e509d7bf74c29812cec,"""اس آزاد میڈیا کے سب سے بڑے بینیفشری عمران خان ہیں اور آج وہی اسکے پر کاٹنا چاہتے ہیں ۔ انکی گردن میں سریا @URL @URL",1,1,1,1,1,urd,"[LANG=urd] ""اس آزاد میڈیا کے سب سے بڑے بینیفشری عمران خان ہیں اور آج وہی اسکے پر کاٹنا چاہتے ہیں ۔ انکی گردن میں سریا @URL @URL","[2.5978832244873047, 0.8293455243110657, 1.0199605226516724, 1.0521609783172607, 1.1777145862579346]"
urd_64023ad9885499aaecca25bd95ff0863,شہباز شریف نے بھی ککھ سُٹ کے لڑائی لی ہے لبرلز سے. #Malala,1,1,1,1,1,urd,[LANG=urd] شہباز شریف نے بھی ککھ سُٹ کے لڑائی لی ہے لبرلز سے. #Malala,"[0.9875417351722717, -0.04594235122203827, -0.09328987449407578, -0.4657869338989258, -0.3079608082771301]"
urd_79b5bea7a65aaab0246d7a45cef12b4e,مطالعہ پاکستان آپ نے اگر پڑھنا ہے تو نوازشریف کی آج کی تقریر سن لو یہی پاکستان اور مطالعہ پاکستان ہے,0,0,0,0,0,urd,[LANG=urd] مطالعہ پاکستان آپ نے اگر پڑھنا ہے تو نوازشریف کی آج کی تقریر سن لو یہی پاکستان اور مطالعہ پاکستان ہے,"[0.3223971724510193, -1.5057986974716187, -0.5393120050430298, -1.351184606552124, -1.1370375156402588]"
urd_8e169b94f30be81b635599a94c549f7e,سستی شہرت کیلئے جسم کی نمائش کرنیوالی وینا ملک کا اپنی فحش تصاویرانٹرنیٹ سے ہٹانے کا مطالبہ: ڈرامہ کوئن وینا @URL @URL,1,1,1,1,1,urd,[LANG=urd] سستی شہرت کیلئے جسم کی نمائش کرنیوالی وینا ملک کا اپنی فحش تصاویرانٹرنیٹ سے ہٹانے کا مطالبہ: ڈرامہ کوئن وینا @URL @URL,"[0.4282643795013428, -1.1397312879562378, -0.7415218353271484, -0.5599674582481384, -0.9803731441497803]"
urd_69e187763be2a8bd9324ea8dc9f96667,صحافت قومیں بناتی ہے. زرد صحافت قومیں تباہ کرتی ہے.,1,1,1,1,1,urd,[LANG=urd] صحافت قومیں بناتی ہے. زرد صحافت قومیں تباہ کرتی ہے.,"[1.8323297500610352, 1.129887580871582, 1.556821346282959, 1.1603281497955322, 1.5885069370269775]"
urd_f72ec80e41ecf72e6f373751a177bc6a,گستاخ نبی کی اب بس  ایک ہی سزا ? #من_سب_نبیا_فاقتلوہ,0,0,1,0,0,urd,[LANG=urd] گستاخ نبی کی اب بس  ایک ہی سزا ? #من_سب_نبیا_فاقتلوہ,"[1.6293423175811768, 1.4727437496185303, 1.871554970741272, 1.2590599060058594, 1.2900006771087646]"
urd_d5facd0459929529a2be4ed01ab56407,گستاخ کی بس ایک ہی سزا کردو سر تن سے جدا #फ्रांस_माफी_मांग @USER,1,1,1,1,1,urd,[LANG=urd] گستاخ کی بس ایک ہی سزا کردو سر تن سے جدا #फ्रांस_माफी_मांग @USER,"[0.30388039350509644, 0.0819624587893486, -0.6204580664634705, -0.7148548364639282, -0.7082855105400085]"
urd_9eb185960b4fdb4d5a8054813a1cbf4b,یوتھیا ! تم انگریزی جانتے هو ؟ یوتھیا ہاں اگر اُرْدُو میں بولی جایے 👿👿👿😏😎😂😂😂,1,1,1,1,1,urd,[LANG=urd] یوتھیا ! تم انگریزی جانتے هو ؟ یوتھیا ہاں اگر اُرْدُو میں بولی جایے 👿👿👿😏😎😂😂😂,"[0.1236693263053894, 0.3299354612827301, -0.47984054684638977, -0.030043577775359154, -0.4285241365432739]"
urd_16a238895b492b53ffe82779b21e158f,وردی والوں کو ٹریننگ پر امریکہ بھیجنا ایسے ہی جیسے کسی کم عمر دوشیزہ کو گاؤں کے چوہدری کے بیڈ روم میں علوم اخلاقیہ سیکھنے بھیج دیا جائے,1,0,0,1,0,urd,[LANG=urd] وردی والوں کو ٹریننگ پر امریکہ بھیجنا ایسے ہی جیسے کسی کم عمر دوشیزہ کو گاؤں کے چوہدری کے بیڈ روم میں علوم اخلاقیہ سیکھنے بھیج دیا جائے,"[2.2823195457458496, 2.0106849670410156, 1.8584461212158203, 1.7691619396209717, 1.718874454498291]"
urd_94b666e433e2b48598c20a2861472bad,حمزہ شہباز غیر آئینی وزارت اعلیٰ بچانے کیلئے فسطائیت پر اُتر آیا ہے: فیاض الحسن چوہان #FiazulHassan #PTIOfficial,1,1,1,1,1,urd,[LANG=urd] حمزہ شہباز غیر آئینی وزارت اعلیٰ بچانے کیلئے فسطائیت پر اُتر آیا ہے: فیاض الحسن چوہان #FiazulHassan #PTIOfficial,"[1.0042200088500977, 0.0805419310927391, 0.22796116769313812, -0.27067291736602783, -0.3836996555328369]"
urd_86ad2c700eea593464000911bcfc7a3d,بھٹو سے شروع ہونے والی پی پی پی کہاں ہے کوئی جیالا پوچھے نا مفاہمت کے بادشاہ سے #NA120,1,1,1,1,1,urd,[LANG=urd] بھٹو سے شروع ہونے والی پی پی پی کہاں ہے کوئی جیالا پوچھے نا مفاہمت کے بادشاہ سے #NA120,"[2.308605194091797, 1.5954900979995728, 1.4790823459625244, 1.4635347127914429, 1.302098035812378]"
urd_00cadc904431fb67fb514233b000adaf,- یوم تکبیر: پاکستان کو ایٹمی طاقت بنے اکیس برس مکمل- #Pakistan_ZindaBada,0,0,0,0,0,urd,[LANG=urd] - یوم تکبیر: پاکستان کو ایٹمی طاقت بنے اکیس برس مکمل- #Pakistan_ZindaBada,"[-1.2538090944290161, -2.511258125305176, -2.3051259517669678, -2.877814292907715, -3.0880789756774902]"
urd_d1d1234692ff12fe8157e12c024131d7,نواز شریف کا بیانیہ پاکستانی عوام کے دلوں میں گھر کر گیا @USER,0,0,0,0,0,urd,[LANG=urd] نواز شریف کا بیانیہ پاکستانی عوام کے دلوں میں گھر کر گیا @USER,"[-1.2875316143035889, -2.267322540283203, -2.2390942573547363, -2.6397347450256348, -2.463987112045288]"
urd_f081eb6c5511d5969ad6701afa4c795d,ناموس نبی ﷺ نے شیر تھا پالا ممتاز قادری پولیس والا۔۔ #IamMumtazQadri @USER,1,1,1,1,1,urd,[LANG=urd] ناموس نبی ﷺ نے شیر تھا پالا ممتاز قادری پولیس والا۔۔ #IamMumtazQadri @USER,"[-0.31535136699676514, -2.1641836166381836, -1.1191225051879883, -2.260024070739746, -1.7268894910812378]"
urd_8a99e3efd4973381fd1cb65a14f8c175,پاکستان میں بے حیائی کاکلچر متعارف کروانے ولا۔ #سلگتاجاجلتاجاعمران,1,1,1,1,1,urd,[LANG=urd] پاکستان میں بے حیائی کاکلچر متعارف کروانے ولا۔ #سلگتاجاجلتاجاعمران,"[2.383207321166992, 1.9376901388168335, 1.9132426977157593, 1.745945930480957, 1.6111552715301514]"
urd_503349c17d44237843567e41d7d17da6,جسے آپ صادق کہتے تھے، وہ میر صادق نکلا. #DisqualifyFitnaKhan,1,1,1,1,1,urd,[LANG=urd] جسے آپ صادق کہتے تھے، وہ میر صادق نکلا. #DisqualifyFitnaKhan,"[1.8966221809387207, 1.3192259073257446, 1.2588238716125488, 1.1741877794265747, 1.192711591720581]"
urd_07208576bec4a5e206dbff11cf6b53d6,فوجی بیان آنےکےبعد الطاف کےدماغ میں ٹھنڈ پڑ گئی ھو گی، صبح سےفوجی کی گود میں سوار ھونےکی کوشش کر رھا تھا بوٹ پالشیا,1,0,0,0,0,urd,[LANG=urd] فوجی بیان آنےکےبعد الطاف کےدماغ میں ٹھنڈ پڑ گئی ھو گی، صبح سےفوجی کی گود میں سوار ھونےکی کوشش کر رھا تھا بوٹ پالشیا,"[1.2385749816894531, -0.45041850209236145, -0.01144897285848856, -0.5354436635971069, -0.5049900412559509]"
urd_39d4f7bc1703b03f52fc90742c44817c,لوگ بھوک سے مررہے ہیں لیکن فتنہ خان کو سیاست عزیز ہے #PoliticsCanWait,1,1,1,1,1,urd,[LANG=urd] لوگ بھوک سے مررہے ہیں لیکن فتنہ خان کو سیاست عزیز ہے #PoliticsCanWait,"[2.1922051906585693, 1.5884135961532593, 1.546613097190857, 1.4418405294418335, 1.4787224531173706]"
urd_619261ee8fbf13b466e44a45c02246c4,جرم ثابت ہو گیا فورا فتنہ خان ان کو گرفتار کیا جائے @USER #سازشی_فتنہ_خان,1,1,1,1,1,urd,[LANG=urd] جرم ثابت ہو گیا فورا فتنہ خان ان کو گرفتار کیا جائے @USER #سازشی_فتنہ_خان,"[2.2864789962768555, 1.5761669874191284, 1.813254714012146, 1.4809448719024658, 1.539019227027893]"
urd_06eb6da64217970ad05d880b494e38cd,اگر قادیانی مرتد ہیں تو جو کسی دوسرے مذہب سے اسلام میں داخل ہوتے کیا وہ مرتد نہیں ؟  #Ahmadiyya,1,1,1,1,1,urd,[LANG=urd] اگر قادیانی مرتد ہیں تو جو کسی دوسرے مذہب سے اسلام میں داخل ہوتے کیا وہ مرتد نہیں ؟  #Ahmadiyya,"[0.5381187200546265, 0.7317888140678406, 1.3679418563842773, 0.6273379325866699, 0.5094075202941895]"
urd_6f98683d621282c0ee2e53ba85060479,یوتھیوں کا اب آزادی مارچ رات کو خواب میں نکالنے کا اعلان 🤣🤣🤣,1,1,1,1,1,urd,[LANG=urd] یوتھیوں کا اب آزادی مارچ رات کو خواب میں نکالنے کا اعلان 🤣🤣🤣,"[2.2770328521728516, 1.8481754064559937, 1.4746352434158325, 1.4552186727523804, 1.3854655027389526]"
urd_68a8acb366d477352f29c544788c2d23,پاپا کے بیان پر مذمت کی سزا سر تن سے جدا،سر تن سے جدا (منجانب امپورٹڈ حکومت),1,1,1,1,1,urd,[LANG=urd] پاپا کے بیان پر مذمت کی سزا سر تن سے جدا،سر تن سے جدا (منجانب امپورٹڈ حکومت),"[2.0748486518859863, 0.5641689896583557, 0.9203290939331055, 0.6119840741157532, 0.614571213722229]"
urd_76bcad44c6eb5a6c2b96db9d453b987f,عربی عبارتوں کے غلط تراجم کرنے والوں فرقہ واریت پھیلانے والوں پر لعنت بیشمار,0,0,1,0,0,urd,[LANG=urd] عربی عبارتوں کے غلط تراجم کرنے والوں فرقہ واریت پھیلانے والوں پر لعنت بیشمار,"[-0.7376261353492737, -0.4073239862918854, -0.35089370608329773, -1.5784467458724976, -1.6308951377868652]"
urd_597b6e5e5912509dd1fe4dbc6b5cc0b3,پاکستان دنیا کا واحد ملک ہے جسکا نمک بھی مشہور ہے اور نمک حرام بھی  😜😜,1,1,1,1,1,urd,[LANG=urd] پاکستان دنیا کا واحد ملک ہے جسکا نمک بھی مشہور ہے اور نمک حرام بھی  😜😜,"[1.1398675441741943, 0.2117309719324112, 0.4624493420124054, -0.08434535562992096, 0.45425868034362793]"
urd_2b5171c2b2710f79b454ac70dc84d71e,جمہوری نظام میں ہی ملک اور قومیں ترقی کرتی ہیں #JamhoriatZindabad,0,0,0,0,0,urd,[LANG=urd] جمہوری نظام میں ہی ملک اور قومیں ترقی کرتی ہیں #JamhoriatZindabad,"[-1.089827060699463, -2.126044988632202, -1.6099202632904053, -2.6703989505767822, -2.7431905269622803]"
urd_a011e039e8b71a4fa044f82a45615400,#زنجیروں_میں_جکڑا_میڈیا اس بکاؤ میڈیا کو اس طرح کانوں پہ پڑ رہی ہے اور یہ بوکھلا جاتے ہے @USER,1,1,1,1,1,urd,[LANG=urd] #زنجیروں_میں_جکڑا_میڈیا اس بکاؤ میڈیا کو اس طرح کانوں پہ پڑ رہی ہے اور یہ بوکھلا جاتے ہے @USER,"[2.0433855056762695, 1.0134944915771484, 1.2512608766555786, 0.9904009103775024, 1.602964162826538]"
urd_f7a58b71880666c5a86f0287a8df3d93,بے غیرت ن لیگ اور پی پی پی کے عورت کارڈ کا ریزہ ریزہ کرتے ہوئے بھٹی صاحب @USER,1,0,1,1,0,urd,[LANG=urd] بے غیرت ن لیگ اور پی پی پی کے عورت کارڈ کا ریزہ ریزہ کرتے ہوئے بھٹی صاحب @USER,"[2.608081340789795, 1.3283100128173828, 1.200164794921875, 1.9696846008300781, 0.9831790924072266]"
urd_9fecca7ab410eb78a0883bda1a24431a,کرونا وائرس بھی نون لیگ کی طرح بےشرم. بے @URL اور بے حس ہو گیا ہے.,1,1,1,1,1,urd,[LANG=urd] کرونا وائرس بھی نون لیگ کی طرح بےشرم. بے @URL اور بے حس ہو گیا ہے.,"[2.146730899810791, 1.4953089952468872, 1.4513022899627686, 1.2951481342315674, 1.6551363468170166]"
urd_388100c696cee2344742a2e02fcd0499,ساری دنیا کے آئین لوگوں کو مذہبی آزادی دیتے ہیں، ہم نے اپنے آئین کو خود ہی داغدار کر دیا۔ مذہبی اور مسلکی معاملات آئین میں طے نہیں ہوتے ۔,0,0,0,0,0,urd,[LANG=urd] ساری دنیا کے آئین لوگوں کو مذہبی آزادی دیتے ہیں، ہم نے اپنے آئین کو خود ہی داغدار کر دیا۔ مذہبی اور مسلکی معاملات آئین میں طے نہیں ہوتے ۔,"[0.00021005158487241715, -1.1814380884170532, -0.46215271949768066, -1.358298420906067, -1.4320719242095947]"
urd_92c34044ed88965b5f21c4c4633d3818,سیدنا فاروق اعظم اور سیدنا حسین رضوان اللہ تعالی سے یکساں محبت میں کمی رکھنے والا خالص چرسی یا رافضی ہی ہوسکتا ہے.,1,1,1,1,1,urd,[LANG=urd] سیدنا فاروق اعظم اور سیدنا حسین رضوان اللہ تعالی سے یکساں محبت میں کمی رکھنے والا خالص چرسی یا رافضی ہی ہوسکتا ہے.,"[-1.2902636528015137, -2.4349188804626465, -1.3428012132644653, -1.5794930458068848, -2.3462517261505127]"
urd_4b661df7c1dfee46d1115d01f7cad9f4,ہمیں این آر او چاہیے۔۔اپوزیشن یہ لو این آر او۔۔عمران خان 😜 #81stDayOfCurfew @USER,1,1,1,1,1,urd,[LANG=urd] ہمیں این آر او چاہیے۔۔اپوزیشن یہ لو این آر او۔۔عمران خان 😜 #81stDayOfCurfew @USER,"[0.5212311744689941, -0.5183940529823303, -0.5154030323028564, -1.0020723342895508, -1.2613129615783691]"
urd_ee74c508589989e39df02d87365b7572,لڑکا کیا کرتا ہے ؟ جی وہ فیس بک پر کالا باغ ڈیم کا پراجیکٹ مینجر ہے ۔۔,0,0,0,0,0,urd,[LANG=urd] لڑکا کیا کرتا ہے ؟ جی وہ فیس بک پر کالا باغ ڈیم کا پراجیکٹ مینجر ہے ۔۔,"[1.2832634449005127, 0.049535300582647324, 0.03043648600578308, 0.7735017538070679, 0.10479487478733063]"
urd_bcffc4ddca5e30217de4fe440529d2c0,عمران خان پر دہشت گردی کے الزام کے بعد اب مذہب کارڈ استعمال ہو رہا ہے #سیاست_کی_شان_عمران_خان @USER,0,0,0,0,0,urd,[LANG=urd] عمران خان پر دہشت گردی کے الزام کے بعد اب مذہب کارڈ استعمال ہو رہا ہے #سیاست_کی_شان_عمران_خان @USER,"[2.1564059257507324, 1.5449092388153076, 1.9579496383666992, 1.4550795555114746, 1.4716343879699707]"
urd_2be6dc7c65aed4005923be9c800afd5a,لگتا ہے منظور پشتونوں سے چھتر  کھانے کا ریکارڈ بنا رہا ہے @USER 😜 @USER,0,0,0,0,0,urd,[LANG=urd] لگتا ہے منظور پشتونوں سے چھتر  کھانے کا ریکارڈ بنا رہا ہے @USER 😜 @USER,"[0.6393912434577942, 0.6538304686546326, -0.21711371839046478, -0.0919107124209404, -0.12110291421413422]"
urd_9836c9df16d7ba73f7c1f20e8ffc675e,رونچی دھشت گردی کر رہا پشتونوں کے ساتھ پر ریاست خاموش #PSL2018,1,1,1,1,1,urd,[LANG=urd] رونچی دھشت گردی کر رہا پشتونوں کے ساتھ پر ریاست خاموش #PSL2018,"[2.2464897632598877, 1.892297625541687, 1.5438305139541626, 1.2860832214355469, 1.2863640785217285]"
urd_fd13a5fef0809ac8e3c1550d29498a6e,بھارتی ایجنٹ کل بھوشن یادیو کے حوالے سے ڈوزیئرتیار کیا جا رہاہے،افغانستان کے ساتھ سرحد کو کو محفوظ بنانے کیلئے اقدامات کئے جا رہے ہیں ،…,0,0,0,0,0,urd,[LANG=urd] بھارتی ایجنٹ کل بھوشن یادیو کے حوالے سے ڈوزیئرتیار کیا جا رہاہے،افغانستان کے ساتھ سرحد کو کو محفوظ بنانے کیلئے اقدامات کئے جا رہے ہیں ،…,"[-1.6508257389068604, -2.659806251525879, -2.388897180557251, -2.8920180797576904, -3.1382064819335938]"
urd_a858a7775c0a6106b49a124c0db76212,جس دن عمران خان نے کہا تو ہم کرائم منسٹر کو اُدھر ہی ” ڈک“ دیں گے۔ مونس الہی 😜,1,1,1,1,1,urd,[LANG=urd] جس دن عمران خان نے کہا تو ہم کرائم منسٹر کو اُدھر ہی ” ڈک“ دیں گے۔ مونس الہی 😜,"[1.1441248655319214, 0.06938570737838745, 0.5488160848617554, 0.12134699523448944, -0.23183827102184296]"
urd_18fd96111e6a22e8aa43f726decebf2c,میں قاصد حق نواز ہوں شیعہ کافر ہے پیغام میرا #صحابہؓ_کاگستاخ_مسلمان_نہیں,1,1,1,0,0,urd,[LANG=urd] میں قاصد حق نواز ہوں شیعہ کافر ہے پیغام میرا #صحابہؓ_کاگستاخ_مسلمان_نہیں,"[0.6424596309661865, 1.0954432487487793, 1.3926876783370972, 0.6367923617362976, 0.684967041015625]"
urd_ad9492143f8ebcce9a41bb0b4427e08c,"ھاں وئی انصافیو۔۔۔۔فیر کتنے دن رہ گئے جنوبی پنجاب صوبہ بننے میں؟؟؟  اور نام ""جنوبی پنجاب"" ھی ھو گا یا ""سرائیکی صوبہ""؟؟؟۔ #جعلی_وزیراعظم_شرم_کرو @USER",1,1,1,1,1,urd,"[LANG=urd] ھاں وئی انصافیو۔۔۔۔فیر کتنے دن رہ گئے جنوبی پنجاب صوبہ بننے میں؟؟؟  اور نام ""جنوبی پنجاب"" ھی ھو گا یا ""سرائیکی صوبہ""؟؟؟۔ #جعلی_وزیراعظم_شرم_کرو @USER","[2.392841339111328, 1.5768300294876099, 1.5030609369277954, 1.4384430646896362, 1.3721543550491333]"
urd_23d890bae2cab77c8e67a9a33e64332d,عمران خان نے دنیائے کرکٹ کو نیوٹرل ایمپائر کا تصور دیا #BrandImranKhan @USER,0,0,0,0,0,urd,[LANG=urd] عمران خان نے دنیائے کرکٹ کو نیوٹرل ایمپائر کا تصور دیا #BrandImranKhan @USER,"[-0.5053529739379883, -2.0662684440612793, -2.092899799346924, -2.0880234241485596, -1.58259916305542]"
urd_0f54c7d3db8c3446d4f5d508a21c7e6c,سندھ حکومت ہارس ٹریڈنگ کرکے کھلم کھلا آئین کی خلاف ورزی کررہی ہے،شیخ رشید,1,1,1,1,1,urd,[LANG=urd] سندھ حکومت ہارس ٹریڈنگ کرکے کھلم کھلا آئین کی خلاف ورزی کررہی ہے،شیخ رشید,"[1.0405590534210205, 0.2742293179035187, 0.28136181831359863, -0.11577648669481277, -0.0836687684059143]"
urd_cffddcf282e13263a641adf22ad1f9a5,آئین سے غداری کے مجرم کو سزا دینے والی عدالت ہی غیر آئینی نکلی!,1,1,1,1,1,urd,[LANG=urd] آئین سے غداری کے مجرم کو سزا دینے والی عدالت ہی غیر آئینی نکلی!,"[1.2840834856033325, -0.38322868943214417, 0.17513932287693024, -0.46246257424354553, -0.33976536989212036]"
urd_9e7c013ba8117e5f0c3988fad4a6eb4a,دھرنوں کی سیاست ۔۔۔۔ محرومیوں کا شکار کرنا چاہتے ہیں #BloodThirstyPTI,1,1,1,1,1,urd,[LANG=urd] دھرنوں کی سیاست ۔۔۔۔ محرومیوں کا شکار کرنا چاہتے ہیں #BloodThirstyPTI,"[2.1052165031433105, 1.5187612771987915, 1.5447064638137817, 1.337212085723877, 1.4000860452651978]"
urd_8d8a89af4d5a5e3a33c5d75dc3d24d50,پاکستان کی تباہی کے تین ستون ظالم جج لالچی جرنیل اور کرپٹ سیاستدان,0,0,0,0,0,urd,[LANG=urd] پاکستان کی تباہی کے تین ستون ظالم جج لالچی جرنیل اور کرپٹ سیاستدان,"[2.4654054641723633, 1.5031830072402954, 1.680387020111084, 1.4123002290725708, 1.3714659214019775]"
urd_13e1819d59c59b9c3b72cf773742a20e,Kasuri420: پی پی اور ن لیگ میں میثاق جمہوریت ہوا تھا ،شہباز شریف,0,0,0,0,0,urd,[LANG=urd] Kasuri420: پی پی اور ن لیگ میں میثاق جمہوریت ہوا تھا ،شہباز شریف,"[-1.9024341106414795, -2.8211164474487305, -2.4482133388519287, -3.154175043106079, -3.457753896713257]"
urd_2d5cfcf6db5da373f4bc5e4abbe968e3,میں اللہ کو ہدایت کرتا ہوں کہ #PMLN کو سچ بولنےکی توفیق دے-عمران خان (نعوزوباللہ، #Geo پر بلاسفیمی کا شور مچانے والے #PTI اب خاموش رہنا),1,1,1,0,0,urd,[LANG=urd] میں اللہ کو ہدایت کرتا ہوں کہ #PMLN کو سچ بولنےکی توفیق دے-عمران خان (نعوزوباللہ، #Geo پر بلاسفیمی کا شور مچانے والے #PTI اب خاموش رہنا),"[2.0008316040039062, 1.2915457487106323, 1.686698079109192, 1.3120496273040771, 1.1343034505844116]"
urd_3795776865484c07af8a1626fe9cc42f,عمران خان نےجوملک میں گندڈالاہےوہ ہمیشہ ہم دیکھیں گے،گھٹیا انسان #امپورٹڈ_حکومت_نامنظور,1,1,1,1,1,urd,[LANG=urd] عمران خان نےجوملک میں گندڈالاہےوہ ہمیشہ ہم دیکھیں گے،گھٹیا انسان #امپورٹڈ_حکومت_نامنظور,"[2.6250767707824707, 1.436013102531433, 1.4863942861557007, 1.3103153705596924, 1.3904740810394287]"
urd_2045f399ad845409e86c44035baa2e8b,ناموس رسالت کی امانت ھے زندگی ورنہ تو زندگی سے خيانت ھے ذندگی #StopBlasphemoUsCartoOnContest #SayNo2GeertWilders,0,0,0,0,0,urd,[LANG=urd] ناموس رسالت کی امانت ھے زندگی ورنہ تو زندگی سے خيانت ھے ذندگی #StopBlasphemoUsCartoOnContest #SayNo2GeertWilders,"[0.24112065136432648, -1.1389859914779663, -0.24354127049446106, -1.1456704139709473, -1.0938873291015625]"
urd_c376cfbb1436ae5ac5d5e31f2cfc001b,پانامہ لیک نے میاں صاحب کا پاجامہ اتار دیا ہے لیکن میاں صاحب تیز ہیں. وہ بکاؤ میڈیا کے ساتھ مل کر ایک نیا کرپشن فری پاجامہ سلوا لیں گے,1,1,1,1,1,urd,[LANG=urd] پانامہ لیک نے میاں صاحب کا پاجامہ اتار دیا ہے لیکن میاں صاحب تیز ہیں. وہ بکاؤ میڈیا کے ساتھ مل کر ایک نیا کرپشن فری پاجامہ سلوا لیں گے,"[2.203049659729004, 0.8741454482078552, 0.9277974367141724, 1.0465407371520996, 0.9417760968208313]"
urd_d9a25c8e28342e4fb68f72157a065182,جو مشرف نہ دے سکا وہ باجوہ ڈاکٹرائن نے بناسنوار کر دے دیا ۔۔۔۔ اخلاقی سبق: کبھی ہمت مَت ہارو۔۔ ٹرائی ٹرائی اگین,1,1,1,1,1,urd,[LANG=urd] جو مشرف نہ دے سکا وہ باجوہ ڈاکٹرائن نے بناسنوار کر دے دیا ۔۔۔۔ اخلاقی سبق: کبھی ہمت مَت ہارو۔۔ ٹرائی ٹرائی اگین,"[2.2225141525268555, 1.2454527616500854, 1.2257568836212158, 1.1731510162353516, 1.3147413730621338]"
urd_7451ed2d6c3e76c52f3fef80b82fcc6e,سارے کے سارے لبرلز جو نون لیگ کو ڈیفینڈ کر رہے تھے اب منہ چھپاتے پھر رہے ہیں,1,1,1,1,1,urd,[LANG=urd] سارے کے سارے لبرلز جو نون لیگ کو ڈیفینڈ کر رہے تھے اب منہ چھپاتے پھر رہے ہیں,"[0.5946626663208008, -0.8666452169418335, -0.4732758104801178, -1.0453511476516724, -1.0179576873779297]"
urd_b5522b767b6832af72985dcf0cd98350,صیہونی حکومت کے خلاف پوری دنیا میں مظاہرہے #GAZA #GazaUnderAttack #FreePalestine #SaharUrduTV @USER @USER,0,0,0,0,0,urd,[LANG=urd] صیہونی حکومت کے خلاف پوری دنیا میں مظاہرہے #GAZA #GazaUnderAttack #FreePalestine #SaharUrduTV @USER @USER,"[-1.4665172100067139, -1.7952519655227661, -1.804103136062622, -2.971694231033325, -2.882615089416504]"
urd_b01c21084cf15f18e57d7b022608249b,کراچی کو ترقی یافتہ شہر بنانے کے لیے کراچی سے پیپلز پارٹی کو ختم کرنا ہوگا ۔ #کراچی_دشمن_سندھ_حکومت,1,1,1,1,1,urd,[LANG=urd] کراچی کو ترقی یافتہ شہر بنانے کے لیے کراچی سے پیپلز پارٹی کو ختم کرنا ہوگا ۔ #کراچی_دشمن_سندھ_حکومت,"[2.3927741050720215, 1.53505539894104, 1.4228521585464478, 1.420816421508789, 1.375771403312683]"
urd_aa678cd35f0352228ab3775a32d392db,استعفا لئے بغیر نہیں جائنگے۔ مولانا ڈیزل @USER @USER,1,1,1,1,1,urd,[LANG=urd] استعفا لئے بغیر نہیں جائنگے۔ مولانا ڈیزل @USER @USER,"[2.0203356742858887, 1.6845897436141968, 2.1062827110290527, 1.6411648988723755, 1.6398712396621704]"
urd_25fabfd324b6e3ddc5039631fb163c02,عورت کی میت کو نامحرم بھی نہیں دیکھ سکتا تو یہ زندہ عورتیں کس جواز کے تحت اپنے جسم کی نمائش کرتی ہیں #حجاب_اسلامی_تہذیب_کی_پہچان @URL,1,1,1,1,1,urd,[LANG=urd] عورت کی میت کو نامحرم بھی نہیں دیکھ سکتا تو یہ زندہ عورتیں کس جواز کے تحت اپنے جسم کی نمائش کرتی ہیں #حجاب_اسلامی_تہذیب_کی_پہچان @URL,"[0.3228331208229065, 0.814335286617279, 1.3506006002426147, 1.8173205852508545, 0.0067198267206549644]"
urd_e48df33ada960d3db3501ae2b6b1f78b,عمران خان نے ملک کے جمہوری نظام اور خارجہ پالیسی کے خلاف سازش کی، مریم نواز #suchtv #MaryamNawaz,1,0,0,0,0,urd,[LANG=urd] عمران خان نے ملک کے جمہوری نظام اور خارجہ پالیسی کے خلاف سازش کی، مریم نواز #suchtv #MaryamNawaz,"[0.23632237315177917, -0.9636626243591309, -0.579593300819397, -1.2103248834609985, -1.3562798500061035]"
urd_515085a61c2dd9050fc4cb16907313d3,ڈان لیکس پر پیدا ہونے والے تنازع کو افہام و تفہیم سے حل کرنے پر اتفاق،ذرائع,0,0,0,0,0,urd,[LANG=urd] ڈان لیکس پر پیدا ہونے والے تنازع کو افہام و تفہیم سے حل کرنے پر اتفاق،ذرائع,"[-1.4985377788543701, -2.277985095977783, -2.2905566692352295, -2.5983152389526367, -2.667684316635132]"
urd_e85843e2ce856fc4ebbf958f06f2faac,مجھے اتنا یقین ہے کہ نواز شریف کے پاس نادر موقع ہوتے ہوئے بھی وہ کبھی بھی اس حکومت کے خلاف مذہب کارڈ نہیں استعمال کرینگے,1,1,1,1,1,urd,[LANG=urd] مجھے اتنا یقین ہے کہ نواز شریف کے پاس نادر موقع ہوتے ہوئے بھی وہ کبھی بھی اس حکومت کے خلاف مذہب کارڈ نہیں استعمال کرینگے,"[1.9636578559875488, 0.8914652466773987, 1.2349823713302612, 0.8677676916122437, 0.8870491981506348]"
urd_87627fe0f078e4084665f61ac07dd4bf,فرقہ پرستی کی سرکاری سرپرستی جنرل سیاہ نے ایک فرقے کو گود لے کر شروع کی,1,1,1,1,1,urd,[LANG=urd] فرقہ پرستی کی سرکاری سرپرستی جنرل سیاہ نے ایک فرقے کو گود لے کر شروع کی,"[-0.9340949654579163, -1.4032328128814697, -0.5394496917724609, -2.6021692752838135, -2.3743274211883545]"
urd_2b2e187bc5d8b2591e929095b62c932b,ہندی یا ہندو؟: ہندو ہیں ہم وطن ہے ہندوستاں ہمارا؟ ہندوستان میں رہنے والے تمام لوگ بلا لحاظ مذہب اور رنگ و نسل @USER @USER,0,0,0,0,0,urd,[LANG=urd] ہندی یا ہندو؟: ہندو ہیں ہم وطن ہے ہندوستاں ہمارا؟ ہندوستان میں رہنے والے تمام لوگ بلا لحاظ مذہب اور رنگ و نسل @USER @USER,"[-2.4461169242858887, -2.0040926933288574, -2.0907142162323, -3.0204524993896484, -3.311285972595215]"
urd_038a26e811755bc495d3f149de2edd9a,حیوانیت پر مبنی مغربی کلچر کو دھوم دھام سے پاکستانی کلچر میں صم کرنے کی کوشش کی جارہی ہے جو ہمارے مشرقی معاشرے انتہائی تشویشناک ہے,1,1,1,1,1,urd,[LANG=urd] حیوانیت پر مبنی مغربی کلچر کو دھوم دھام سے پاکستانی کلچر میں صم کرنے کی کوشش کی جارہی ہے جو ہمارے مشرقی معاشرے انتہائی تشویشناک ہے,"[2.068652868270874, 2.0289011001586914, 1.7851582765579224, 1.5843251943588257, 1.6652030944824219]"
urd_b1aeed25299506e8a428ec2eec6aac0c,پاکستان سے 50ہزار سے زائد افغان مہاجرین وطن واپس پہنچ چکے ہیں،افغانستان #Pakistan #UrduNews,0,0,0,0,0,urd,[LANG=urd] پاکستان سے 50ہزار سے زائد افغان مہاجرین وطن واپس پہنچ چکے ہیں،افغانستان #Pakistan #UrduNews,"[-2.279020309448242, -2.415465831756592, -2.7135307788848877, -2.8826258182525635, -3.1789331436157227]"
urd_e3453e67e0bc5893fe28bb5fbfb07fbc,یقین رکھیں کہ فوج مخالف بیانات دینے والے تمام لوگوں کا علاج ہوگا،وزیراعظم,0,0,0,0,0,urd,[LANG=urd] یقین رکھیں کہ فوج مخالف بیانات دینے والے تمام لوگوں کا علاج ہوگا،وزیراعظم,"[-0.5114474296569824, -2.327286720275879, -1.9441882371902466, -2.6635031700134277, -2.6920645236968994]"
urd_8c88d25633fb23ac6df8c140e882a50d,جتنوں کو بھی جھکانا پڑے جھکاؤ لیکن کالا باغ ڈیم بناؤ۔۔ اپنی نسلوں کو مٹنے سے بچاؤ ۔۔۔ 🙏😢,0,0,0,0,0,urd,[LANG=urd] جتنوں کو بھی جھکانا پڑے جھکاؤ لیکن کالا باغ ڈیم بناؤ۔۔ اپنی نسلوں کو مٹنے سے بچاؤ ۔۔۔ 🙏😢,"[0.5405901074409485, -0.6347704529762268, -0.532504677772522, -0.8461290597915649, -0.7653895616531372]"
urd_87fa8d372aaace10922e5c91cdf6ccd5,یہ بات واضح ہے کہ ووٹ چوری کے ذریعے وزیر اعظم بننے والا عمرن نیازی کم آز کم ملک کا خیر خواہ نہیں ہوسکتا۔ #عوام_کافیصلہ_نوازشریف,1,1,1,1,1,urd,[LANG=urd] یہ بات واضح ہے کہ ووٹ چوری کے ذریعے وزیر اعظم بننے والا عمرن نیازی کم آز کم ملک کا خیر خواہ نہیں ہوسکتا۔ #عوام_کافیصلہ_نوازشریف,"[2.0684499740600586, 1.2084962129592896, 1.2789251804351807, 1.1419835090637207, 0.9886683225631714]"
urd_12d6353a52c5cf98fba434e0ea891f02,”لگے گی آگ تو آئیں گے ”نیوٹرلز “ بھی زد میں  یہاں پے صرف ھمارا مکان تھوڑی ھے💯“,1,1,1,1,1,urd,[LANG=urd] ”لگے گی آگ تو آئیں گے ”نیوٹرلز “ بھی زد میں  یہاں پے صرف ھمارا مکان تھوڑی ھے💯“,"[1.4106367826461792, 0.9630307555198669, 1.1907559633255005, 0.7054631114006042, 0.9098938703536987]"
urd_c72df6b34d3ece509d6c431f6f5c13e2,ڈان لیکس انکوائری رپورٹ کی سفارشات پرعمل درآمدشروع,0,0,0,0,0,urd,[LANG=urd] ڈان لیکس انکوائری رپورٹ کی سفارشات پرعمل درآمدشروع,"[-0.9931488633155823, -2.084707736968994, -1.9918090105056763, -2.3309144973754883, -2.559309482574463]"
urd_421d66041fa685c5f870cb0bc719af42,وہ جیالا نہیں ھو گا جو سید فیصل رضا عابدی کے لئے آواز نہ اٹھائے,0,0,0,0,0,urd,[LANG=urd] وہ جیالا نہیں ھو گا جو سید فیصل رضا عابدی کے لئے آواز نہ اٹھائے,"[0.8861685395240784, -0.509830117225647, 0.25516200065612793, -0.5298494100570679, -0.5174182653427124]"
urd_22037dea55644787f6498f78fabfbc48,PDM اور نیوٹرلز کی سیاست صرف پریس کانفرنس تک رہ گئی ہے۔  #حقیقی_آزادی_لانگ_مارچ,1,0,0,0,0,urd,[LANG=urd] PDM اور نیوٹرلز کی سیاست صرف پریس کانفرنس تک رہ گئی ہے۔  #حقیقی_آزادی_لانگ_مارچ,"[2.3470699787139893, 1.8317750692367554, 1.9766876697540283, 1.563856601715088, 1.6231274604797363]"
urd_7a4e50b39bd857269651d6458af0c058,جرائم پر قابو پانے کیلئے لوگوں کی پروفائلنگ ناگزیر ہے : ڈونلڈ ٹرمپ: نیو یارک: امریکہ میں جرائم کے بڑھتے ہوئے منظر نامے میں @USER  @USER,0,0,0,0,0,urd,[LANG=urd] جرائم پر قابو پانے کیلئے لوگوں کی پروفائلنگ ناگزیر ہے : ڈونلڈ ٹرمپ: نیو یارک: امریکہ میں جرائم کے بڑھتے ہوئے منظر نامے میں @USER  @USER,"[-1.6460529565811157, -2.2521939277648926, -2.309525728225708, -2.733095645904541, -2.784407377243042]"
urd_af2f36810575bb1acdda282d9d44bb0f,آر ٹی ایس سسٹم بند ہوا نہیں بند کروایا گیا تھا  میاں محمد نواز شریف #NawazSharifInCWC ✌️✌️✌️,1,0,1,0,0,urd,[LANG=urd] آر ٹی ایس سسٹم بند ہوا نہیں بند کروایا گیا تھا  میاں محمد نواز شریف #NawazSharifInCWC ✌️✌️✌️,"[1.1316065788269043, -0.19256360828876495, -0.23982030153274536, -0.4828210771083832, -0.36491650342941284]"
urd_4ceb30c12b48adbef1f98648b9c43f95,محفوظ افغانستان امریکہ اور پاکستان کے مفاد میں ہےچاہتےہیں کہ افغان مہاجرین کوجلدوطن واپس بھجوایاجائے:مشیرخارجہ سرتاج عزیز کاسینیٹ میں بیان.,0,0,0,0,0,urd,[LANG=urd] محفوظ افغانستان امریکہ اور پاکستان کے مفاد میں ہےچاہتےہیں کہ افغان مہاجرین کوجلدوطن واپس بھجوایاجائے:مشیرخارجہ سرتاج عزیز کاسینیٹ میں بیان.,"[-0.5245068669319153, -1.260506510734558, -1.7349005937576294, -2.099761486053467, -2.5128161907196045]"
urd_520dcec90152b0345d4c2c83c540610b,#CannotRunFromMTcase اشرافیہ کے دور حکومت میں ریکارڈ جلتے نہیں جلاے جاتے ھیں,1,1,1,1,1,urd,[LANG=urd] #CannotRunFromMTcase اشرافیہ کے دور حکومت میں ریکارڈ جلتے نہیں جلاے جاتے ھیں,"[1.7512831687927246, 0.4038199782371521, 0.7743057012557983, 0.3514862656593323, 0.4766223430633545]"
urd_ccde82e523913dcd2198b8bca6c828c0,ثاقب نثار، غیرجانبدار انصاف کی یقینی فراہمی اور کرپٹ مافیا کی موت کا نام ہے۔,1,1,1,1,1,urd,[LANG=urd] ثاقب نثار، غیرجانبدار انصاف کی یقینی فراہمی اور کرپٹ مافیا کی موت کا نام ہے۔,"[2.3758745193481445, 1.2127689123153687, 1.2340205907821655, 1.1726441383361816, 1.4220173358917236]"
urd_e96a2ddf585d0aba7fed37760ec579b4,لفافہ صحافت کا ایک مکروہ چہرہ  مبشر لقمان  پارٹ 1 #گٹرصحافت @USER,1,0,0,0,0,urd,[LANG=urd] لفافہ صحافت کا ایک مکروہ چہرہ  مبشر لقمان  پارٹ 1 #گٹرصحافت @USER,"[1.6493921279907227, 0.8244564533233643, 1.3322590589523315, 0.7399760484695435, 1.3824224472045898]"
urd_8f5677cdb9a003c699ddf22ce701914d,ہندو شادی کے قانون میں صوبائی حکومتوں کی عدم دلچسپی: ڈیڑھ برس قبل قومی اسمبلی میں پیش کیےگئے ہندو میرج بل کو صوبائی @USER @USER,0,0,0,0,0,urd,[LANG=urd] ہندو شادی کے قانون میں صوبائی حکومتوں کی عدم دلچسپی: ڈیڑھ برس قبل قومی اسمبلی میں پیش کیےگئے ہندو میرج بل کو صوبائی @USER @USER,"[0.4869495630264282, -0.7784520983695984, -0.36499518156051636, -0.9565514922142029, -1.247206211090088]"
urd_1ea65c77a62e6c18c3582565c72c5647,گستاخ رسول کی ایک ہی سزا  سر تن سے جدا سر تن جدا  #OurHero_GhaziMumtaz,1,1,1,1,1,urd,[LANG=urd] گستاخ رسول کی ایک ہی سزا  سر تن سے جدا سر تن جدا  #OurHero_GhaziMumtaz,"[1.4567444324493408, 1.4775817394256592, 1.7170182466506958, 1.4175071716308594, 1.2380282878875732]"
urd_49e34c6beaec48881fa6ffbca40842e5,سینیٹ انتخابات میں ہارس ٹریڈنگ کرنےوالوں کیخلاف فیصلےکی گھڑی آگئی #Senate #Newsonepk,0,0,0,0,0,urd,[LANG=urd] سینیٹ انتخابات میں ہارس ٹریڈنگ کرنےوالوں کیخلاف فیصلےکی گھڑی آگئی #Senate #Newsonepk,"[-1.7147092819213867, -2.6151163578033447, -2.2729012966156006, -2.8598811626434326, -2.644054651260376]"
urd_b642583081d575143e66f21ce7748937,پاکستان کی سیاست کا سب سے بڑا جوکر ۔۔۔ آپ کی کیا رائے ہے شوبازشریف کے بارے میں؟ @USER,1,1,1,1,1,urd,[LANG=urd] پاکستان کی سیاست کا سب سے بڑا جوکر ۔۔۔ آپ کی کیا رائے ہے شوبازشریف کے بارے میں؟ @USER,"[1.2057331800460815, -0.9075074791908264, -0.6245617866516113, -0.3813146650791168, -0.7209518551826477]"
urd_24afabc469b0ae91e86e4d477fa291bd,#PakistanKaMatlabKia پاکستان کی اساس دو قومی نظریہ ہے,0,0,0,0,0,urd,[LANG=urd] #PakistanKaMatlabKia پاکستان کی اساس دو قومی نظریہ ہے,"[-1.138953685760498, -2.4381484985351562, -2.1577508449554443, -2.813769578933716, -2.653503656387329]"
urd_c1ec4aaa7f7788c41cd14aff52912781,سسلین مافیا سے آزادی سب پاکستانیوں کو مبارک ھو۔۔ @USER,1,1,1,1,1,urd,[LANG=urd] سسلین مافیا سے آزادی سب پاکستانیوں کو مبارک ھو۔۔ @USER,"[-0.7313425540924072, -2.2133522033691406, -2.2113430500030518, -2.4551188945770264, -2.2933380603790283]"
urd_f6472c643c27a8d9bb31821998c9ccf3,@USER the former #Playboy cricketer کام قوم لوط ؑ والے اور خواب وزیراعظم بننے کے @USER @USER,1,0,1,0,0,urd,[LANG=urd] @USER the former #Playboy cricketer کام قوم لوط ؑ والے اور خواب وزیراعظم بننے کے @USER @USER,"[2.112800121307373, 1.9659208059310913, 2.2327675819396973, 1.6799595355987549, 1.491004228591919]"
urd_e988e6cfbf2d244a5f0775d7f56f0cc7,قوم یوتھ کی جانب سے استعفو کی خوبیان بیان کرنے کا وقت ھوہ جاتہ ھے,0,0,0,0,0,urd,[LANG=urd] قوم یوتھ کی جانب سے استعفو کی خوبیان بیان کرنے کا وقت ھوہ جاتہ ھے,"[0.7401198744773865, -0.6131333708763123, -0.473471462726593, -0.8632518649101257, -0.8332088589668274]"
urd_eed02b03266676fc97e89035225a0cad,اپنے پروگرام میں معافی مانگوں ورنا اس سے زیادہ زلیل کرے گے تمیں۔ اب عورت کارڈ کیھلنا بند کر دو۔ #ShameOnFizaAkbar,1,1,1,1,1,urd,[LANG=urd] اپنے پروگرام میں معافی مانگوں ورنا اس سے زیادہ زلیل کرے گے تمیں۔ اب عورت کارڈ کیھلنا بند کر دو۔ #ShameOnFizaAkbar,"[2.0317230224609375, 1.5320351123809814, 1.5200549364089966, 2.118269205093384, 1.3261638879776]"
urd_4ec47ee7b5410efc915470ed2a8338b6,ہم نےگلہ کیاکہ نریندرمودی بلوچوں کیلیےآوازاٹھارہےہیں تومہاجروں کی بات کیوں نہیں کرتے ! واسع جلیل -!!!,0,0,0,0,0,urd,[LANG=urd] ہم نےگلہ کیاکہ نریندرمودی بلوچوں کیلیےآوازاٹھارہےہیں تومہاجروں کی بات کیوں نہیں کرتے ! واسع جلیل -!!!,"[0.5061342120170593, -0.1996532380580902, -0.3035565912723541, -0.4258902370929718, -0.659913182258606]"
urd_3d5e056c4fba7620c51e5b84af768357,ہم جان نکال دیں گے نیوٹرلز کی بھی اگر نیوٹرل نا رہے ابھی بھی @USER #امپورٹڈ_حکومت_نامنظور #امپورٹڈ_حکومت_نامنظور 💪🏻💪🏻💪🏻💪🏻,1,1,1,1,1,urd,[LANG=urd] ہم جان نکال دیں گے نیوٹرلز کی بھی اگر نیوٹرل نا رہے ابھی بھی @USER #امپورٹڈ_حکومت_نامنظور #امپورٹڈ_حکومت_نامنظور 💪🏻💪🏻💪🏻💪🏻,"[0.984257698059082, 0.10742663592100143, 0.03323237597942352, -0.1673082560300827, -0.25608229637145996]"
urd_d38eea8fcc49639358f2cec16020dcd0,طالب جان اور دیسی لبرل کمبھ کے میلے میں بچھڑے ہوئے دو بھائی @USER,1,1,1,1,1,urd,[LANG=urd] طالب جان اور دیسی لبرل کمبھ کے میلے میں بچھڑے ہوئے دو بھائی @USER,"[2.511819362640381, 1.6673133373260498, 1.685945987701416, 1.6032222509384155, 1.5941014289855957]"
urd_f8a6ebd72ea3495509183c68612e35f5,جیالا میئر لانے کے خواب دیکھنے والے کراچی کے لاکھوں عوام کا سمندر دیکھ لیں، اسلم آفریدی #AltafVoiceOfMasses #MQM,1,0,0,0,0,urd,[LANG=urd] جیالا میئر لانے کے خواب دیکھنے والے کراچی کے لاکھوں عوام کا سمندر دیکھ لیں، اسلم آفریدی #AltafVoiceOfMasses #MQM,"[1.939171314239502, 1.0939594507217407, 1.3199025392532349, 1.2567213773727417, 1.0162951946258545]"
urd_0c9ec5ae00138f7c513a9984248e681c,کرپٹ مافیا ایک طرف ہے اور دوسری طرف پاکستان کے عوام جسے لوٹاجارہاہے،عمران خان,1,1,1,1,1,urd,[LANG=urd] کرپٹ مافیا ایک طرف ہے اور دوسری طرف پاکستان کے عوام جسے لوٹاجارہاہے،عمران خان,"[1.8031196594238281, 0.8685413002967834, 1.084027647972107, 0.7648712992668152, 0.759914755821228]"
urd_7783c37dceea00733ffc442075ff01d4,جب سے میڈیا نے پرائم ٹائم میں مذہبی منافرت پھیلانے والے اداکار منافرت پھیلائیں گے تو سوسائٹی کا حال اس سے زیادہ کیا ہو گا #JunaidJamshed,1,1,1,1,1,urd,[LANG=urd] جب سے میڈیا نے پرائم ٹائم میں مذہبی منافرت پھیلانے والے اداکار منافرت پھیلائیں گے تو سوسائٹی کا حال اس سے زیادہ کیا ہو گا #JunaidJamshed,"[2.097144603729248, 1.8089991807937622, 2.065204381942749, 1.8789942264556885, 1.725382924079895]"
urd_4ad21df6f198cbb3f98b9873251c7e99,قادیانیت کا جو یار ہے مصطفے کا غدار ہے صلی اللہ علیہ وسلم #عاشقان_رسول_کورہاکرو,1,0,1,0,0,urd,[LANG=urd] قادیانیت کا جو یار ہے مصطفے کا غدار ہے صلی اللہ علیہ وسلم #عاشقان_رسول_کورہاکرو,"[2.1411571502685547, 1.3919134140014648, 2.216221570968628, 1.1416000127792358, 1.3375905752182007]"
urd_f1be66a64bf54a82a0eeb21418cbbe15,پاکستانی معاشرے کے غلیظ و بدبودار ترین کردار ذخیرہ اندوز و ناجائز منافع خور ہیں اللہ کی مار و لعنت ہو اس طبقے پر۔۔۔!!!,1,1,1,1,1,urd,[LANG=urd] پاکستانی معاشرے کے غلیظ و بدبودار ترین کردار ذخیرہ اندوز و ناجائز منافع خور ہیں اللہ کی مار و لعنت ہو اس طبقے پر۔۔۔!!!,"[2.378495693206787, 1.76748526096344, 1.8256570100784302, 1.621796727180481, 1.7827926874160767]"
urd_327eeefe2eb3c3af7b923fec47fd7308,ڈاکٹر شاہد کے خلاف چینلز پر طوفان  کچھ تو ہے جس کی پردہ داری ہے  لفافہ صحافت اپنے عروج پر,1,1,1,1,1,urd,[LANG=urd] ڈاکٹر شاہد کے خلاف چینلز پر طوفان  کچھ تو ہے جس کی پردہ داری ہے  لفافہ صحافت اپنے عروج پر,"[2.161935329437256, 1.3016271591186523, 1.4185457229614258, 1.2429696321487427, 1.7995901107788086]"
urd_329a0c994c28075a677e041ad2df53ff,کرپٹ حکمران عوام میں تعلیم و شعور کےفروغ کو اس لیے ترجیح نہیں دیتے کہ ان پڑھوں پر حکومت کرنا آسان ہوتا ہے پڑھے لکھے تنگ کرتےہیں,1,1,1,1,1,urd,[LANG=urd] کرپٹ حکمران عوام میں تعلیم و شعور کےفروغ کو اس لیے ترجیح نہیں دیتے کہ ان پڑھوں پر حکومت کرنا آسان ہوتا ہے پڑھے لکھے تنگ کرتےہیں,"[2.2523834705352783, 1.4877437353134155, 1.856400489807129, 1.5198118686676025, 1.4990122318267822]"
urd_fb7146fb88096e710bb52f70d136c7d8,تحریک إنصاف بلوچستان کی صدر سیّدہ سکینہ عبداللہ خان مذہبی آزادی اور اقلیتوں کے حقوق پر تحریک إنصاف کا مؤقف @URL @URL,0,0,0,0,0,urd,[LANG=urd] تحریک إنصاف بلوچستان کی صدر سیّدہ سکینہ عبداللہ خان مذہبی آزادی اور اقلیتوں کے حقوق پر تحریک إنصاف کا مؤقف @URL @URL,"[-2.124018669128418, -2.71223521232605, -2.191481828689575, -2.981055736541748, -3.222533941268921]"
urd_8c54b66897d70b68d08519c470505bad,یوتھیوں کے عظیم دانشور، فلسفی اور مدبر @USER ٹویٹ نمبر ا: بوٹ پالشیا بننے سے پہلے ٹویٹ نمبر ٢: بوٹ پالشیا بننے کے بعد @USER,1,0,0,0,0,urd,[LANG=urd] یوتھیوں کے عظیم دانشور، فلسفی اور مدبر @USER ٹویٹ نمبر ا: بوٹ پالشیا بننے سے پہلے ٹویٹ نمبر ٢: بوٹ پالشیا بننے کے بعد @USER,"[1.0955169200897217, -0.10375211387872696, -0.03316303342580795, -0.2703753709793091, -0.050296761095523834]"
urd_f3a0c92953cfa6acb15dedb193adac60,پیمرا کو اس بات کا نوٹس لینا چاہیے کہ جس کا بھی دل کرے وہ مذہبی منافرت پھیلانا شروع کر دیتا ہے۔ #CoronaNotShiaNorSunni,0,0,0,0,0,urd,[LANG=urd] پیمرا کو اس بات کا نوٹس لینا چاہیے کہ جس کا بھی دل کرے وہ مذہبی منافرت پھیلانا شروع کر دیتا ہے۔ #CoronaNotShiaNorSunni,"[1.231325626373291, 1.0898088216781616, 1.5014640092849731, 0.5592042207717896, 0.8123829364776611]"
urd_45e3ecd3d99991e2f28808730d527abd,کراچی میں دہشت گردی کی واردات کے پیچھے وھیُ سازش ھے جو پاکستان میں رجیم چینج میں ملوث ھے۔ #امپورٹڈ_حکومت_نامنظور,1,1,1,1,1,urd,[LANG=urd] کراچی میں دہشت گردی کی واردات کے پیچھے وھیُ سازش ھے جو پاکستان میں رجیم چینج میں ملوث ھے۔ #امپورٹڈ_حکومت_نامنظور,"[2.225189685821533, 1.2204718589782715, 1.368960976600647, 1.166090965270996, 1.1370112895965576]"
urd_ca7072415ee1f6307bc530e5cd6db819,کرپشن کی سڑکوں کا جال کہنا چاہ رہے ہیں کرائم منسٹر صاحب,1,1,1,1,1,urd,[LANG=urd] کرپشن کی سڑکوں کا جال کہنا چاہ رہے ہیں کرائم منسٹر صاحب,"[2.1097311973571777, 1.2906619310379028, 1.258599877357483, 1.0863450765609741, 1.4486517906188965]"
urd_a34316c95ee56c14b8205cf4a88371b8,8)خمینی بالاجماع مرتد ہے:رابطہ عالم اسلامی مکہ مکرمہ کا فیصلہ (15اکتوبر1987 بحوالہ عربی اخبار المسلمون مکہ ) #یوم_مرگ_خمینی_دہشتگردگستاخ,1,1,1,1,1,urd,[LANG=urd] 8)خمینی بالاجماع مرتد ہے:رابطہ عالم اسلامی مکہ مکرمہ کا فیصلہ (15اکتوبر1987 بحوالہ عربی اخبار المسلمون مکہ ) #یوم_مرگ_خمینی_دہشتگردگستاخ,"[1.4569122791290283, 0.38020387291908264, 1.5310478210449219, 0.4454566240310669, -0.15569762885570526]"
urd_ca6011c61703c29eb9e249bde8d5a6bf,توشہ خانہ کا تیس سالہ ریکارڈ پبلک کیا @USER #امپورٹڈ_گورنمنٹ_نامنطور,1,1,1,1,1,urd,[LANG=urd] توشہ خانہ کا تیس سالہ ریکارڈ پبلک کیا @USER #امپورٹڈ_گورنمنٹ_نامنطور,"[-0.24179460108280182, -2.0444843769073486, -1.8211753368377686, -2.5384132862091064, -2.4730706214904785]"
urd_4c29f5df5b5e589228631c59b93f8799,گستاخِ رسول کی ایک ہی سزا سر تن سے جدا سر تن سے جدا #ختم_نبوۃﷺکانفرس_چناب_نگر Abdul manan jui,1,1,1,1,1,urd,[LANG=urd] گستاخِ رسول کی ایک ہی سزا سر تن سے جدا سر تن سے جدا #ختم_نبوۃﷺکانفرس_چناب_نگر Abdul manan jui,"[-2.052877902984619, -2.4309587478637695, -1.6333860158920288, -2.7523109912872314, -3.33083176612854]"
urd_b5c274176e5888e7515e2cdbe0624e46,یا اللہ پاکستان میں اسلامی نظام عطا فرما دے۔ہمیں ہدایت دے دے۔ہمیں توبہ کرنے والا بنا نافرمانی سے بچا۔صالح مسلمان بنا 😢😢 #الوداع_ماہ_رمضان,1,1,1,1,1,urd,[LANG=urd] یا اللہ پاکستان میں اسلامی نظام عطا فرما دے۔ہمیں ہدایت دے دے۔ہمیں توبہ کرنے والا بنا نافرمانی سے بچا۔صالح مسلمان بنا 😢😢 #الوداع_ماہ_رمضان,"[-1.3464455604553223, -2.3468024730682373, -1.3621270656585693, -2.9075019359588623, -3.0334155559539795]"
urd_ad3df28112cd15da45dc89c9478382e1,ملعونہ آسہ مسیح کی رہائی کالے کوٹ کے کالے فیصلے #BlackDay,1,1,1,1,1,urd,[LANG=urd] ملعونہ آسہ مسیح کی رہائی کالے کوٹ کے کالے فیصلے #BlackDay,"[1.3268920183181763, 1.0613783597946167, 1.205417513847351, 0.5945067405700684, 0.701935350894928]"
urd_d6f7c25ca6773d9a3a856a9f38a66d88,داعش جیسی تنظیموں کا کوئی تعلق نہیں یہ خوارجی ہے جن کو نبی صلی اللہ علیہ وسلم نے جہنمی کتے کہا ہے#JuDrejectsdaesh,1,1,1,1,1,urd,[LANG=urd] داعش جیسی تنظیموں کا کوئی تعلق نہیں یہ خوارجی ہے جن کو نبی صلی اللہ علیہ وسلم نے جہنمی کتے کہا ہے#JuDrejectsdaesh,"[2.073094606399536, 1.7979379892349243, 2.2641420364379883, 1.629119873046875, 1.5414766073226929]"
urd_0bc0e4342da51c6ecac6a6051b71f072,ہندوستان کو داد دینے کے بعد مودی کا یار کون ہوا ؟ @USER,1,1,1,1,1,urd,[LANG=urd] ہندوستان کو داد دینے کے بعد مودی کا یار کون ہوا ؟ @USER,"[-0.4589187502861023, -2.267735242843628, -2.1325864791870117, -2.247246742248535, -2.3498268127441406]"
urd_66b27f9e180df98e76eb3cc134cba041,دانیال عزیز کی پروگرام’’نیا پاکستان ‘‘میں گفتگو,0,0,0,0,0,urd,[LANG=urd] دانیال عزیز کی پروگرام’’نیا پاکستان ‘‘میں گفتگو,"[-1.3152421712875366, -2.3641607761383057, -2.0978055000305176, -2.192643404006958, -2.4965598583221436]"
urd_5f64dbee74dd2f2b49116087058cdf32,قوم یوتھ کی وجہ سے ہنگامی ٹوئیٹر ٹرینڈ مرکز کی طرف سے Right Nowہیش ٹیگ 👇 #دررسول_جائےادب,1,0,0,0,0,urd,[LANG=urd] قوم یوتھ کی وجہ سے ہنگامی ٹوئیٹر ٹرینڈ مرکز کی طرف سے Right Nowہیش ٹیگ 👇 #دررسول_جائےادب,"[2.1010072231292725, 1.192549228668213, 1.36139714717865, 1.1931036710739136, 1.1894495487213135]"
urd_b76cddac06afcf4614506cf3f86866c3,اچھےالفظ استعمال کرے یابرے اگر ان سےتوہین صحابہ یا امہات المومنین کی بوآئےتو سمجھ لو وہ مسلمانوں کےروپ میں چھپی ہوئی رافضی گھوڑےکی پجارن ہے,1,1,1,1,1,urd,[LANG=urd] اچھےالفظ استعمال کرے یابرے اگر ان سےتوہین صحابہ یا امہات المومنین کی بوآئےتو سمجھ لو وہ مسلمانوں کےروپ میں چھپی ہوئی رافضی گھوڑےکی پجارن ہے,"[1.4893419742584229, 1.2207950353622437, 2.2122325897216797, 1.600931167602539, 1.334080696105957]"
urd_93ea588b56f4fe845c3e6cb477b5b37f,ملا، پاکستانی معاشرے کی وہ امر بیل ہے جومعاشرے کو 'سوکھے' کے مرض میں مبتلا کر کے ہی زندہ رہ سکتا ہے-,1,1,1,1,1,urd,[LANG=urd] ملا، پاکستانی معاشرے کی وہ امر بیل ہے جومعاشرے کو 'سوکھے' کے مرض میں مبتلا کر کے ہی زندہ رہ سکتا ہے-,"[1.9844454526901245, 1.8090201616287231, 1.7723909616470337, 1.672034740447998, 1.6520127058029175]"
urd_929f0b5b948ca4e12ebb6a53abc724b2,عام انتخابات میں عوام کا مینڈیٹ چوری ہوا۔35نہیں ہزاروں پنکچرلگاۓ گۓ۔ محمدافضل خان ‍یڈیشنل سیکرٹری الیکشن کمیشن@USER #PTI #AzadiSquare,1,1,1,1,1,urd,[LANG=urd] عام انتخابات میں عوام کا مینڈیٹ چوری ہوا۔35نہیں ہزاروں پنکچرلگاۓ گۓ۔ محمدافضل خان ‍یڈیشنل سیکرٹری الیکشن کمیشن@USER #PTI #AzadiSquare,"[-1.1238421201705933, -2.6734492778778076, -2.2563650608062744, -2.9183638095855713, -2.9736087322235107]"
