id,text,stereotype,vilification,dehumanization,extreme_language,lack_of_empathy,invalidation,language,input_text,logits
ori_e6c498c780a5a4987a6a856a1252f4b2,@USER ଶାଶୁ ବୋହୂର ସମ୍ପର୍କ,0,0,0,0,0,0,ori,[LANG=ori] @USER ଶାଶୁ ବୋହୂର ସମ୍ପର୍କ,"[-2.916537046432495, -3.91359806060791, -3.2349138259887695, -3.6273996829986572, -3.654571533203125, -3.4584126472473145]"
ori_34b6cf136577df43f7ff6a2ad8ebc394,କଂଗ୍ରେସର ସାଧାରଣ ଅଧିବେଶନ ଅବସରରେ ଏହି ସଂକଳ୍ପନାମାକୁ ପଂଜାବ ମୁଖ୍ୟମନ୍ତ୍ରୀ କ୍ୟାପଟେନ ଅମରିନ୍ଦର ସିଂ ଗତକାଲି ଆଗତ କରିଥିଲେ ।,0,0,0,0,0,0,ori,[LANG=ori] କଂଗ୍ରେସର ସାଧାରଣ ଅଧିବେଶନ ଅବସରରେ ଏହି ସଂକଳ୍ପନାମାକୁ ପଂଜାବ ମୁଖ୍ୟମନ୍ତ୍ରୀ କ୍ୟାପଟେନ ଅମରିନ୍ଦର ସିଂ ଗତକାଲି ଆଗତ କରିଥିଲେ ।,"[-3.868605375289917, -3.1347928047180176, -3.415109872817993, -3.6513614654541016, -4.017704963684082, -3.859618902206421]"
ori_a260bb102a4807a9c138d2a6250d1b4c,ଆକ୍ରମଣକାରୀମାନେ ବିଜେପି ସମର୍ଥକ ବୋଲି କୁହାଯାଉଛି ।,0,0,0,0,0,0,ori,[LANG=ori] ଆକ୍ରମଣକାରୀମାନେ ବିଜେପି ସମର୍ଥକ ବୋଲି କୁହାଯାଉଛି ।,"[-0.7697960734367371, -1.5862301588058472, -3.603501081466675, -0.658489465713501, -2.9623758792877197, -4.141513347625732]"
ori_f3bef381cccd6207fd87c94dbe57c871,"କଂଗ୍ରେସ ନେତା ଆର୍ଯ୍ୟକୁମାର ଜ୍ଞାନେନ୍ଦ୍ର କହିଛନ୍ତି , ନୂଆ ମୋଟର ଯାନ ଆଇନ ପାର୍ଲାମେଣ୍ଟରେ ପାସ୍ ହେଲାବେଳେ ଜନସାଧାରଣଙ୍କ ଭଲମନ୍ଦକୁ ନ ବୁଝି ଶାସକ ବିଜେଡି ଏମ୍ପିମାନେ ଏହାକୁ ସମର୍ଥନ କରିଦେଲେ ।",1,0,0,0,0,0,ori,"[LANG=ori] କଂଗ୍ରେସ ନେତା ଆର୍ଯ୍ୟକୁମାର ଜ୍ଞାନେନ୍ଦ୍ର କହିଛନ୍ତି , ନୂଆ ମୋଟର ଯାନ ଆଇନ ପାର୍ଲାମେଣ୍ଟରେ ପାସ୍ ହେଲାବେଳେ ଜନସାଧାରଣଙ୍କ ଭଲମନ୍ଦକୁ ନ ବୁଝି ଶାସକ ବିଜେଡି ଏମ୍ପିମାନେ ଏହାକୁ ସମର୍ଥନ କରିଦେଲେ ।","[1.1606853008270264, 0.9574323296546936, -3.2028825283050537, -0.3201576769351959, -2.117715835571289, -1.9460124969482422]"
ori_9d54042afdcaefacc09b5b06c0c7239e,ହିନ୍ଦୁସ୍ଥାନ ଷ୍ଟିଲ ୱାର୍କସ କନଷ୍ଟ୍ରକସନ ଲିମିଟେଡ (ଏଚ.ଏସ୍.ସି.ଏଲ)ର ଆର୍ଥିକ ପୁନର୍ଗଠନ ସଂକ୍ରାନ୍ତ ପ୍ରସ୍ତାବକୁ ପ୍ରଧାନମନ୍ତ୍ରୀ ଶ୍ରୀ ନରେନ୍ଦ୍ର ମୋଦୀଙ୍କ ଅଧ୍ୟକ୍ଷତାରେ ବୁଧବାର ଅନୁଷ୍ଠିତ କ୍ୟାବିନେଟ ବୈଠକରେ ଅନୁମୋଦନ କରାଯାଇଛି ।,0,0,0,0,0,0,ori,[LANG=ori] ହିନ୍ଦୁସ୍ଥାନ ଷ୍ଟିଲ ୱାର୍କସ କନଷ୍ଟ୍ରକସନ ଲିମିଟେଡ (ଏଚ.ଏସ୍.ସି.ଏଲ)ର ଆର୍ଥିକ ପୁନର୍ଗଠନ ସଂକ୍ରାନ୍ତ ପ୍ରସ୍ତାବକୁ ପ୍ରଧାନମନ୍ତ୍ରୀ ଶ୍ରୀ ନରେନ୍ଦ୍ର ମୋଦୀଙ୍କ ଅଧ୍ୟକ୍ଷତାରେ ବୁଧବାର ଅନୁଷ୍ଠିତ କ୍ୟାବିନେଟ ବୈଠକରେ ଅନୁମୋଦନ କରାଯାଇଛି ।,"[-3.2948009967803955, -3.5446560382843018, -3.5782158374786377, -4.004593372344971, -3.8261709213256836, -3.639763116836548]"
ori_789678ad6128a68a4db7f17e1f0b2be6,ଗୁରୁବାର ସାଧାରଣ ନିର୍ବାଚନର ଭୋଟ ଗଣତି ହେବାକୁ ଥିବାବେଳେ ବୁଧବାର ରାତି ପ୍ରାୟ ୯ଟାବେଳେ ଆସିକା କଂଗ୍ରେସ ବିଧାୟକ ପ୍ରାର୍ଥୀ ମନୋଜ ଜେନାଙ୍କୁ ମରଣାନ୍ତକ ଆକ୍ରମଣ ସହ ଗୁଳିମାଡ଼ ହୋଇଛି ।,0,0,0,0,0,0,ori,[LANG=ori] ଗୁରୁବାର ସାଧାରଣ ନିର୍ବାଚନର ଭୋଟ ଗଣତି ହେବାକୁ ଥିବାବେଳେ ବୁଧବାର ରାତି ପ୍ରାୟ ୯ଟାବେଳେ ଆସିକା କଂଗ୍ରେସ ବିଧାୟକ ପ୍ରାର୍ଥୀ ମନୋଜ ଜେନାଙ୍କୁ ମରଣାନ୍ତକ ଆକ୍ରମଣ ସହ ଗୁଳିମାଡ଼ ହୋଇଛି ।,"[-3.878854990005493, -3.3744754791259766, -3.5264456272125244, -3.6789004802703857, -3.602358818054199, -3.661473274230957]"
ori_75a28465a7ad0acdc2f5efe86b205aca,ଜାତି - ଧର୍ମ - ବର୍ଣ୍ଣ ଭେଦଭାବକୁ ଭୁଲି ବିଭିନ୍ନ ବର୍ଗର ଲୋକେ ଏକାଠି ହୋଇ ପରସ୍ପରକୁ ଶୁଭେଚ୍ଛା ଜଣାଇଥିଲେ ।,0,0,0,0,0,0,ori,[LANG=ori] ଜାତି - ଧର୍ମ - ବର୍ଣ୍ଣ ଭେଦଭାବକୁ ଭୁଲି ବିଭିନ୍ନ ବର୍ଗର ଲୋକେ ଏକାଠି ହୋଇ ପରସ୍ପରକୁ ଶୁଭେଚ୍ଛା ଜଣାଇଥିଲେ ।,"[-3.640256643295288, -3.1326327323913574, -3.263488531112671, -3.8889613151550293, -3.7917840480804443, -3.5768322944641113]"
ori_c121d107b6022c90bbf86d7e9ecdf1f4,ଆଜି ପୂର୍ବ ପ୍ରସ୍ତୁତି କ୍ରମେ ପରାଜିତ ପ୍ରାର୍ଥୀ ପ୍ରମୋଦ ଦାସଙ୍କ ସମେତ ବହୁ ବିଜେପି ସମର୍ଥକ ପୁରୁଷ ଓ ମହିଳାମାନେ ପଞ୍ଚାୟତ କାର୍ଯ୍ୟାଳୟ ସମ୍ମୁଖରେ ଗଣଧାରଣାରେ ବସିଥିଲେ ।,0,0,0,0,0,0,ori,[LANG=ori] ଆଜି ପୂର୍ବ ପ୍ରସ୍ତୁତି କ୍ରମେ ପରାଜିତ ପ୍ରାର୍ଥୀ ପ୍ରମୋଦ ଦାସଙ୍କ ସମେତ ବହୁ ବିଜେପି ସମର୍ଥକ ପୁରୁଷ ଓ ମହିଳାମାନେ ପଞ୍ଚାୟତ କାର୍ଯ୍ୟାଳୟ ସମ୍ମୁଖରେ ଗଣଧାରଣାରେ ବସିଥିଲେ ।,"[-3.535425901412964, -3.4820616245269775, -3.4641706943511963, -3.8149337768554688, -3.7748732566833496, -3.8313496112823486]"
ori_d062c2dc388e29b4325e1f077ca6aff1,ରାଜନିତିର ପସାପାଲିରେ ଗୋଟିଏ ସାଧାରଣ ଲୋକର ସ୍ଥାନ କେଉଁଠି ଟିକେ କହିବେକି ?,0,0,0,0,0,0,ori,[LANG=ori] ରାଜନିତିର ପସାପାଲିରେ ଗୋଟିଏ ସାଧାରଣ ଲୋକର ସ୍ଥାନ କେଉଁଠି ଟିକେ କହିବେକି ?,"[-2.480510950088501, -3.820971965789795, -4.021795749664307, -4.07599401473999, -3.580946683883667, -2.9833638668060303]"
ori_bbd899697a5a70f24246587588053984,କୌଣସି ସର୍ବସାଧାରଣ ସ୍ଥାନରେ ଅନଶନରେ ବସିବା ପାଇଁ ଗୁଜୁରାଟ ସରକାର ହାର୍ଦ୍ଦିକଙ୍କୁ ଅନୁମତି ଦେବାକୁ ମନା କରିଦେବା ପରେ ହାର୍ଦ୍ଦିକ ନିଜ ଘରେ ଆମରଣ ଅନଶନରେ ବସିଥିଲେ ।,0,0,0,1,0,0,ori,[LANG=ori] କୌଣସି ସର୍ବସାଧାରଣ ସ୍ଥାନରେ ଅନଶନରେ ବସିବା ପାଇଁ ଗୁଜୁରାଟ ସରକାର ହାର୍ଦ୍ଦିକଙ୍କୁ ଅନୁମତି ଦେବାକୁ ମନା କରିଦେବା ପରେ ହାର୍ଦ୍ଦିକ ନିଜ ଘରେ ଆମରଣ ଅନଶନରେ ବସିଥିଲେ ।,"[-4.343235015869141, -2.311540126800537, -3.5055031776428223, -2.8645687103271484, -3.388054609298706, -3.380112409591675]"
ori_ed7ad8cacc7ebb70645ca388cb7ae926,ସେହିପରି ଗତ ସାଧାରଣ ନିର୍ବାଚନ ଇସ୍ତାହାରରେ ବିଜେପି ଚାଷୀଙ୍କ ଉତ୍ପାଦନ ଖର୍ଚ୍ଚର ସର୍ବନିମ୍ନ ସହାୟକ ମୂଲ୍ୟ ଦେଢ଼ଗୁଣା ଦେବାକୁ ପ୍ରତିଶ୍ରୁତି ଦେଇଥିବା ବେଳେ କ୍ଷମତାକୁ ଆସିବା ପରେ ପ୍ରଧାନମନ୍ତ୍ରୀ ଏହା ଭୁଲିଗଲେ କାହିଁକି ?,0,0,0,0,0,1,ori,[LANG=ori] ସେହିପରି ଗତ ସାଧାରଣ ନିର୍ବାଚନ ଇସ୍ତାହାରରେ ବିଜେପି ଚାଷୀଙ୍କ ଉତ୍ପାଦନ ଖର୍ଚ୍ଚର ସର୍ବନିମ୍ନ ସହାୟକ ମୂଲ୍ୟ ଦେଢ଼ଗୁଣା ଦେବାକୁ ପ୍ରତିଶ୍ରୁତି ଦେଇଥିବା ବେଳେ କ୍ଷମତାକୁ ଆସିବା ପରେ ପ୍ରଧାନମନ୍ତ୍ରୀ ଏହା ଭୁଲିଗଲେ କାହିଁକି ?,"[-1.412980318069458, -0.8441572785377502, -4.521616458892822, -2.136643409729004, -3.283531904220581, -0.32699936628341675]"
ori_eb6d94f27ebcf379296341f1504c782c,@USER ପବିତ୍ର ରାମନବମୀର ହାର୍ଦ୍ଦିକ ଶୁଭେଚ୍ଛା ଅଭିନନ୍ଦନ 🙏🏻।,0,0,0,0,0,0,ori,[LANG=ori] @USER ପବିତ୍ର ରାମନବମୀର ହାର୍ଦ୍ଦିକ ଶୁଭେଚ୍ଛା ଅଭିନନ୍ଦନ 🙏🏻।,"[-3.873974561691284, -3.097766399383545, -3.548271656036377, -3.9237051010131836, -3.7331857681274414, -3.547412872314453]"
ori_1110eedf5e8c480f54f715b5731161a6,ଯଦି ସରକାର ମଣ୍ଡି କିମ୍ବା ସୋସାଇଟି ମାଧ୍ୟମରେ ଏହାକୁ କ୍ରୟ କରନ୍ତେ କିମ୍ବା ଜିଲାରେ ଏହାର ପ୍ରକ୍ରିୟାକରଣ ଶିଳ୍ପ ପ୍ରତିଷ୍ଠା କରନ୍ତେ ତେବେ ଆଦିବାସୀମାନେ ଏହି ଜଙ୍ଗଲଜାତ ପଦାର୍ଥର ଉଚିତ ମୂଲ୍ୟ ପାଇପାରନ୍ତେ ।,0,0,0,0,0,0,ori,[LANG=ori] ଯଦି ସରକାର ମଣ୍ଡି କିମ୍ବା ସୋସାଇଟି ମାଧ୍ୟମରେ ଏହାକୁ କ୍ରୟ କରନ୍ତେ କିମ୍ବା ଜିଲାରେ ଏହାର ପ୍ରକ୍ରିୟାକରଣ ଶିଳ୍ପ ପ୍ରତିଷ୍ଠା କରନ୍ତେ ତେବେ ଆଦିବାସୀମାନେ ଏହି ଜଙ୍ଗଲଜାତ ପଦାର୍ଥର ଉଚିତ ମୂଲ୍ୟ ପାଇପାରନ୍ତେ ।,"[-3.538952589035034, -3.4515433311462402, -3.5283517837524414, -3.9481585025787354, -3.8469982147216797, -3.487262725830078]"
ori_0fc6d6f7f0197812308e72022d989511,@USER ସରକାର,0,0,0,0,0,0,ori,[LANG=ori] @USER ସରକାର,"[-0.13885031640529633, -1.0790717601776123, -2.4936234951019287, -3.6579599380493164, -3.6290218830108643, -0.49491018056869507]"
ori_7d2566fcf295b33ab23920156ec05d8a,"ଅନ୍ୟପକ୍ଷରେ ଭାରତର ରାଜନୀତି ଜାତି , ଧର୍ମ ଓ ସମ୍ପ୍ରଦାୟ - ଭିତ୍ତିକ ହୋଇଥିବାରୁ ଜଣେ ଭଲ ଭାଷଣ ଦେଲେ ଯେ ସଫଳ ରାଜନେତା ହୋଇଯିବ , ସେ କଥା ନୁହେଁ ।",0,0,0,0,0,0,ori,"[LANG=ori] ଅନ୍ୟପକ୍ଷରେ ଭାରତର ରାଜନୀତି ଜାତି , ଧର୍ମ ଓ ସମ୍ପ୍ରଦାୟ - ଭିତ୍ତିକ ହୋଇଥିବାରୁ ଜଣେ ଭଲ ଭାଷଣ ଦେଲେ ଯେ ସଫଳ ରାଜନେତା ହୋଇଯିବ , ସେ କଥା ନୁହେଁ ।","[-1.8322398662567139, -3.8378660678863525, -4.369931697845459, -2.3690104484558105, -3.2449557781219482, -2.9920127391815186]"
ori_80760bc050797bd224ddabd9387384ed,ଏଭଳି ସ୍ଥିତିରେ ଏକତ୍ର କରିବା ପରିବର୍ତ୍ତେ ନେତାମାନେ ଧର୍ମ ଓ ଜାତି ନାମରେ ଲୋକଙ୍କୁ ଉତ୍ତ୍ୟକ୍ତ କରାଇଲେ ଦେଶ ଭାଗ ଭାଗ କଲା ଭଳି ଉଦ୍ୟମ କରୁଥିବାର ମନେହେଉଛି ।,1,0,0,0,0,0,ori,[LANG=ori] ଏଭଳି ସ୍ଥିତିରେ ଏକତ୍ର କରିବା ପରିବର୍ତ୍ତେ ନେତାମାନେ ଧର୍ମ ଓ ଜାତି ନାମରେ ଲୋକଙ୍କୁ ଉତ୍ତ୍ୟକ୍ତ କରାଇଲେ ଦେଶ ଭାଗ ଭାଗ କଲା ଭଳି ଉଦ୍ୟମ କରୁଥିବାର ମନେହେଉଛି ।,"[-1.1599899530410767, -0.7212387323379517, -2.8165433406829834, -0.40577808022499084, -2.6919994354248047, -4.096053600311279]"
ori_1664cb1cc2513e5cbf128576269b140d,@USER @USER ନଭ ହେଲେ କାଳେ ସବୁ ନାଲି ଦିଶେ 😅😅,1,0,0,0,0,0,ori,[LANG=ori] @USER @USER ନଭ ହେଲେ କାଳେ ସବୁ ନାଲି ଦିଶେ 😅😅,"[-2.3324456214904785, -2.159447431564331, -2.663132905960083, -3.6076908111572266, -3.3633229732513428, -2.0156941413879395]"
ori_202a7facf1d184a0f46d77e0fb0c36f9,ବହୁଜନ ସମାଜ ପାର୍ଟି ( ବସପା ) ର ସୁପ୍ରିମୋ ମାୟାବତୀ ଏବଂ ସମାଜବାଦୀ ପାର୍ଟୀର ଅଧ୍ୟକ୍ଷ ଅଖିଲେଶ ଯାଦବ ମଧ୍ୟ ପ୍ରଦେଶରେ କଂଗ୍ରେସକୁ ସମର୍ଥନ ଦେବାର ଘୋଷଣା କରିସାରିଛନ୍ତି ।,0,0,0,0,0,0,ori,[LANG=ori] ବହୁଜନ ସମାଜ ପାର୍ଟି ( ବସପା ) ର ସୁପ୍ରିମୋ ମାୟାବତୀ ଏବଂ ସମାଜବାଦୀ ପାର୍ଟୀର ଅଧ୍ୟକ୍ଷ ଅଖିଲେଶ ଯାଦବ ମଧ୍ୟ ପ୍ରଦେଶରେ କଂଗ୍ରେସକୁ ସମର୍ଥନ ଦେବାର ଘୋଷଣା କରିସାରିଛନ୍ତି ।,"[-1.2549313306808472, -3.5572493076324463, -4.004127025604248, -3.182990550994873, -3.8742222785949707, -3.589705467224121]"
ori_72c3381e6e980036047a99d55c9f3f94,"ଆଇନଷ୍ଟାଇନ କେବଳ ଜୀବନ ର ସରଳରୈଖିକ ବର୍ଣନା ନୁହଁ , ଏଥିରେ ସବୁଠୁ ସରଳ ଭାଷାରେ ରାଜନୀତି ଓ ସମୟର ଦ୍ବନ୍ଦକୁ ନାଟକୀୟ କରାଯାଇପାରିଛି ।",0,0,0,0,0,0,ori,"[LANG=ori] ଆଇନଷ୍ଟାଇନ କେବଳ ଜୀବନ ର ସରଳରୈଖିକ ବର୍ଣନା ନୁହଁ , ଏଥିରେ ସବୁଠୁ ସରଳ ଭାଷାରେ ରାଜନୀତି ଓ ସମୟର ଦ୍ବନ୍ଦକୁ ନାଟକୀୟ କରାଯାଇପାରିଛି ।","[-3.8833372592926025, -3.3362784385681152, -3.7363169193267822, -3.6190598011016846, -3.839986801147461, -3.4862005710601807]"
ori_9410ec222e3279930c976cc74e444349,@USER @USER ମାମୁଁ ଚୋର କଳାରେ ପୁରା ନିପୁଣ ତା'ହେଲେ 🤣,0,1,0,0,0,0,ori,[LANG=ori] @USER @USER ମାମୁଁ ଚୋର କଳାରେ ପୁରା ନିପୁଣ ତା'ହେଲେ 🤣,"[0.45144179463386536, 0.3417637050151825, -4.094234466552734, 0.11181293427944183, -3.4264297485351562, -2.2624285221099854]"
ori_331ecf349017ec87bb0b4dacb49554a7,"@USER @USER ସେଇଠି ସବୁ କ୍ୱାକ ମାନେ ଅଛନ୍ତି, ଏବେ ଏବେ ଜଣେ ଧରା ପଡିଛନ୍ତି 😂",1,0,0,1,0,0,ori,"[LANG=ori] @USER @USER ସେଇଠି ସବୁ କ୍ୱାକ ମାନେ ଅଛନ୍ତି, ଏବେ ଏବେ ଜଣେ ଧରା ପଡିଛନ୍ତି 😂","[0.9310600757598877, 0.10562799870967865, -2.31881046295166, 0.18275876343250275, -1.173548698425293, -0.2223421037197113]"
ori_e9f608b35caf2de43538b3c69c4b6847,ରାଜ୍ୟ ବିଜେପି ମହିଳାମୋର୍ଚ୍ଚା ସମ୍ପାଦିକ ଇଂ ମନିସା ବେହେରା ଆମ ଜାତି କଳା ଓ ସଂସ୍କୃତିକୁ ନେଇ ବିଶ୍ୱରେ ଏକ ସ୍ୱତନ୍ତ୍ର ପରିଚୟ ସୃଷ୍ଟି କରିଛି ।,0,0,0,0,0,0,ori,[LANG=ori] ରାଜ୍ୟ ବିଜେପି ମହିଳାମୋର୍ଚ୍ଚା ସମ୍ପାଦିକ ଇଂ ମନିସା ବେହେରା ଆମ ଜାତି କଳା ଓ ସଂସ୍କୃତିକୁ ନେଇ ବିଶ୍ୱରେ ଏକ ସ୍ୱତନ୍ତ୍ର ପରିଚୟ ସୃଷ୍ଟି କରିଛି ।,"[-2.774736166000366, -3.8944783210754395, -3.9451138973236084, -3.683636426925659, -3.8022217750549316, -3.4834752082824707]"
ori_81f3e88531820f1147dbad33223f508c,ଏହାପରେ ଅଗଷ୍ଟ ୧୫ ତାରିଖରେ ପାକିସ୍ତାନ ସରକାର ଏକ ଚିଠି ମାଧ୍ୟମରେ ଜାତିସଂଘକୁ ଜଣାଇଥିଲେ ।,0,0,0,0,0,0,ori,[LANG=ori] ଏହାପରେ ଅଗଷ୍ଟ ୧୫ ତାରିଖରେ ପାକିସ୍ତାନ ସରକାର ଏକ ଚିଠି ମାଧ୍ୟମରେ ଜାତିସଂଘକୁ ଜଣାଇଥିଲେ ।,"[-3.949160575866699, -3.297593355178833, -2.9451658725738525, -3.4471702575683594, -4.072412490844727, -3.6635448932647705]"
ori_f1a5f53f519af8155a3b40cdafc81fbb,ଶିଖ୍ ଧର୍ମାବଲମ୍ବୀମାନଙ୍କ ପାଇଁ ପାକିସ୍ତାନର କରତରପୁର ମାର୍ଗ ଖୋଲାଯିବା ନେଇ ମିଳିଥିବା ପ୍ରସ୍ତାବକୁ ଭାରତ ଗ୍ରହଣ କରିଛି ବୋଲି ନିକଟରେ ପ୍ରକାଶ ପାଇଥିବା ଖବରକୁ ଭିକେ ସିଂହ ଅସ୍ୱୀକାର କରିଛନ୍ତି ।,0,0,0,0,0,0,ori,[LANG=ori] ଶିଖ୍ ଧର୍ମାବଲମ୍ବୀମାନଙ୍କ ପାଇଁ ପାକିସ୍ତାନର କରତରପୁର ମାର୍ଗ ଖୋଲାଯିବା ନେଇ ମିଳିଥିବା ପ୍ରସ୍ତାବକୁ ଭାରତ ଗ୍ରହଣ କରିଛି ବୋଲି ନିକଟରେ ପ୍ରକାଶ ପାଇଥିବା ଖବରକୁ ଭିକେ ସିଂହ ଅସ୍ୱୀକାର କରିଛନ୍ତି ।,"[-3.3081328868865967, -3.111178398132324, -3.6766674518585205, -3.2142086029052734, -4.103362083435059, -3.653977870941162]"
ori_dda42f996a12b81a57913b8cb4981e5e,ସ୍କ୍ରିପାଲଙ୍କ ଉପରେ ହୋଇଥିବା ନର୍ଭ ଗ୍ୟାସ୍ ଆକ୍ରମଣ ପଛରେ ଆମର କୌଣସି ଭୂମିକା ନାହଁ ବୋଲି ରୁଷ୍ ରାଷ୍ଟ୍ରଦୂତ ଜାତିସଂଘରେ କହିଛନ୍ତି ।,0,0,0,0,0,0,ori,[LANG=ori] ସ୍କ୍ରିପାଲଙ୍କ ଉପରେ ହୋଇଥିବା ନର୍ଭ ଗ୍ୟାସ୍ ଆକ୍ରମଣ ପଛରେ ଆମର କୌଣସି ଭୂମିକା ନାହଁ ବୋଲି ରୁଷ୍ ରାଷ୍ଟ୍ରଦୂତ ଜାତିସଂଘରେ କହିଛନ୍ତି ।,"[-4.214922904968262, -3.1199584007263184, -3.3940200805664062, -3.2884395122528076, -3.9418587684631348, -3.6715755462646484]"
ori_8bed5aefec1d3285ed41bb91b13888b2,ତେବେ ଏହା ଏକ ଯୋଜନାବଦ୍ଧ ହତ୍ୟାକାଣ୍ଡ ବୋଲି ସାଧାରଣରେ ଚର୍ଚ୍ଚା ଚାଲିଥିବାରୁ ପୁଲିସ ଏହାକୁ ଅସ୍ୱୀକାର ବି କରିନାହିଁ ।,0,0,0,0,0,0,ori,[LANG=ori] ତେବେ ଏହା ଏକ ଯୋଜନାବଦ୍ଧ ହତ୍ୟାକାଣ୍ଡ ବୋଲି ସାଧାରଣରେ ଚର୍ଚ୍ଚା ଚାଲିଥିବାରୁ ପୁଲିସ ଏହାକୁ ଅସ୍ୱୀକାର ବି କରିନାହିଁ ।,"[-3.5525753498077393, -2.294290065765381, -2.7324373722076416, -1.8970814943313599, -3.347972869873047, -2.9339518547058105]"
ori_b8840c86b5b3bd0f34cb49b614122683,ତେବେ ବେସରକାରୀ ସୂତ୍ରରୁ ମିଳିଥିବା ଖବର ଅନୁସାରେ ଏହାଠାରୁ ବହୁ ଅଧିକ ଜମିର ଫସଲ ନଷ୍ଟ ହୋଇଛି ।,0,0,0,0,0,0,ori,[LANG=ori] ତେବେ ବେସରକାରୀ ସୂତ୍ରରୁ ମିଳିଥିବା ଖବର ଅନୁସାରେ ଏହାଠାରୁ ବହୁ ଅଧିକ ଜମିର ଫସଲ ନଷ୍ଟ ହୋଇଛି ।,"[-3.912529468536377, -3.571941614151001, -3.2617785930633545, -3.248011827468872, -3.6495919227600098, -3.353755235671997]"
ori_6dd4ae3f120935ec961759b36bf780ed,ଜଳାଶୟରୁ ଜନସାଧାରଣ ଏବଂ ପଶୁପକ୍ଷୀ ବୃକ୍ଷଲତାଙ୍କ ନିମନ୍ତେ କେନାଲରେ ପାଣି ଛାହିବା ପାଇଁ ମୁଖ୍ୟ ଶାସନ ସଚିବ ପରାମର୍ଶ ଦେଇଥିଲେ ।,0,0,0,0,0,0,ori,[LANG=ori] ଜଳାଶୟରୁ ଜନସାଧାରଣ ଏବଂ ପଶୁପକ୍ଷୀ ବୃକ୍ଷଲତାଙ୍କ ନିମନ୍ତେ କେନାଲରେ ପାଣି ଛାହିବା ପାଇଁ ମୁଖ୍ୟ ଶାସନ ସଚିବ ପରାମର୍ଶ ଦେଇଥିଲେ ।,"[-3.7730937004089355, -3.4884111881256104, -3.597954034805298, -3.674856185913086, -3.873565196990967, -3.6221914291381836]"
ori_460a2134ce1e940792830d538e02d36c,"ଜାତିସଂଘର ପରିବର୍ଦ୍ଧିତ ସୁରକ୍ଷା ପରିଷଦ, ଏନଏସଜି ଏବଂ ଅନ୍ୟାନ୍ୟ ଆନ୍ତର୍ଜାତିକ ମଞ୍ଚରେ ଭାରତର ସଦସ୍ୟତା ନେଇ ସମର୍ଥନ ପ୍ରଦାନ କରିଥିବାରୁ ସାଇପ୍ରସ ସରକାରଙ୍କୁ ପ୍ରଧାନମନ୍ତ୍ରୀ ଧନ୍ୟବାଦ ପ୍ରଦାନ କରିଥିଲେ ।",0,0,0,0,0,0,ori,"[LANG=ori] ଜାତିସଂଘର ପରିବର୍ଦ୍ଧିତ ସୁରକ୍ଷା ପରିଷଦ, ଏନଏସଜି ଏବଂ ଅନ୍ୟାନ୍ୟ ଆନ୍ତର୍ଜାତିକ ମଞ୍ଚରେ ଭାରତର ସଦସ୍ୟତା ନେଇ ସମର୍ଥନ ପ୍ରଦାନ କରିଥିବାରୁ ସାଇପ୍ରସ ସରକାରଙ୍କୁ ପ୍ରଧାନମନ୍ତ୍ରୀ ଧନ୍ୟବାଦ ପ୍ରଦାନ କରିଥିଲେ ।","[-3.405863046646118, -2.9520015716552734, -3.662492275238037, -4.073981285095215, -4.060469627380371, -3.891556978225708]"
ori_d8d529d874562c4f8c64dd2727c9bd82,"ଫୁଲ୍କା ଅଭିଯୋଗ ଆଣିଥିଲେ , ୧୯୮୪ ମସିହାରେ ଶିଖ୍ଙ୍କ ହତ୍ୟା ପାଇଁ ସିଧା ପ୍ରଧାନମନ୍ତ୍ରୀଙ୍କ କାର୍ଯ୍ୟାଳୟରୁ ନିର୍ଦ୍ଦେଶ ଆସିଥିଲା ।",0,1,0,1,0,0,ori,"[LANG=ori] ଫୁଲ୍କା ଅଭିଯୋଗ ଆଣିଥିଲେ , ୧୯୮୪ ମସିହାରେ ଶିଖ୍ଙ୍କ ହତ୍ୟା ପାଇଁ ସିଧା ପ୍ରଧାନମନ୍ତ୍ରୀଙ୍କ କାର୍ଯ୍ୟାଳୟରୁ ନିର୍ଦ୍ଦେଶ ଆସିଥିଲା ।","[-2.296194314956665, -0.9783616065979004, -2.2460203170776367, 0.59282386302948, -2.7397735118865967, -3.3701329231262207]"
ori_d0192e30a17240c7d13582bf2df865d2,@USER ମା' ତୁମେ Momotara ସୀମାହୀନ ସାଗରମା' ତୁମେ ଆମ ପାଇଁ ଦେବତାର ମନ୍ଦିର...,0,0,0,0,0,0,ori,[LANG=ori] @USER ମା' ତୁମେ Momotara ସୀମାହୀନ ସାଗରମା' ତୁମେ ଆମ ପାଇଁ ଦେବତାର ମନ୍ଦିର...,"[-3.063760995864868, -3.6858763694763184, -3.9332783222198486, -3.442031145095825, -3.8724310398101807, -3.3397703170776367]"
ori_4075a51a85613f93ce91ce7af5fa8e71,ବିଜୁ ପଟ୍ଟନାୟକ ଆନ୍ତର୍ଜାତିକ ବିମାନବନ୍ଦରଠାରୁ ଆରମ୍ଭ କରି ତାଳଚେର ଓ ଝାରସୁଗୁଡ଼ା ପର୍ୟ୍ୟନ୍ତ ଏକାଧିକ ସରକାରୀ କାର୍ୟ୍ୟକ୍ରମ ଏବଂ ସାଧାରଣ ସଭା ନିମନ୍ତେ ୧୦୦ ପ୍ଲାଟୁନ୍ ପୁଲିସ ଫୋର୍ସ ମୁତୟନ ବ୍ୟବସ୍ଥା କରାଯାଇଥିଲା ।,0,0,0,0,0,0,ori,[LANG=ori] ବିଜୁ ପଟ୍ଟନାୟକ ଆନ୍ତର୍ଜାତିକ ବିମାନବନ୍ଦରଠାରୁ ଆରମ୍ଭ କରି ତାଳଚେର ଓ ଝାରସୁଗୁଡ଼ା ପର୍ୟ୍ୟନ୍ତ ଏକାଧିକ ସରକାରୀ କାର୍ୟ୍ୟକ୍ରମ ଏବଂ ସାଧାରଣ ସଭା ନିମନ୍ତେ ୧୦୦ ପ୍ଲାଟୁନ୍ ପୁଲିସ ଫୋର୍ସ ମୁତୟନ ବ୍ୟବସ୍ଥା କରାଯାଇଥିଲା ।,"[-3.4847466945648193, -3.760939359664917, -3.608853340148926, -3.4114527702331543, -3.969221591949463, -3.5579748153686523]"
ori_c3821ff4327ba25abaa4fe2b502494fc,ସବୁଠୁ ବିପଜ୍ଜନକ କଥା ହେଲା ନୂତନ ପିଢ଼ି ଏହି କୌତୁକ ତର୍କ ଦ୍ବାରା ପ୍ରଭାବିତ ହୋଇ କ୍ରମେ ଧର୍ମ ଓ ଆଧୢାତ୍ମରୁ ଦୂରବର୍ତ୍ତୀ ହେଉଛନ୍ତି ।,1,0,0,1,0,0,ori,[LANG=ori] ସବୁଠୁ ବିପଜ୍ଜନକ କଥା ହେଲା ନୂତନ ପିଢ଼ି ଏହି କୌତୁକ ତର୍କ ଦ୍ବାରା ପ୍ରଭାବିତ ହୋଇ କ୍ରମେ ଧର୍ମ ଓ ଆଧୢାତ୍ମରୁ ଦୂରବର୍ତ୍ତୀ ହେଉଛନ୍ତି ।,"[-0.6251648664474487, -1.0755404233932495, -3.7369773387908936, -1.2837231159210205, -2.09118914604187, -2.849658966064453]"
ori_b63fec73f7f2c4888f62c671d5ffd5fa,@USER ଆଜିକାଲି ଆଉ କି ଧୂଆଁ ହେଉଛି !! ସବୁ ତ ଗ୍ୟାସ୍ ରେ ରାନ୍ଧୁଛନ୍ତି 😁,0,0,0,0,0,0,ori,[LANG=ori] @USER ଆଜିକାଲି ଆଉ କି ଧୂଆଁ ହେଉଛି !! ସବୁ ତ ଗ୍ୟାସ୍ ରେ ରାନ୍ଧୁଛନ୍ତି 😁,"[-0.5993219614028931, 0.29698190093040466, -2.3209357261657715, -0.8673032522201538, -0.7877331972122192, 0.011949919164180756]"
ori_8631df4fa9d3bdad1b6d2fb694a7f583,ଆମର କାର୍ଯ୍ୟକ୍ରମ ସରକାର ଓ ଲୋକଙ୍କ ସମ୍ପର୍କକୁ ଆହୁରି ମଜବୁତ୍ କରିବ ଏବଂ ସାଧାରଣ ଲୋକ ଜୀବନରେ ବହୁତ ବଡ଼ ପରିବର୍ତ୍ତନ ଆଣିବ ବୋଲି ମୁଖ୍ୟମନ୍ତ୍ରୀ ଆଶା ପ୍ରକାଶ କରିଛନ୍ତି ।,0,0,0,0,0,0,ori,[LANG=ori] ଆମର କାର୍ଯ୍ୟକ୍ରମ ସରକାର ଓ ଲୋକଙ୍କ ସମ୍ପର୍କକୁ ଆହୁରି ମଜବୁତ୍ କରିବ ଏବଂ ସାଧାରଣ ଲୋକ ଜୀବନରେ ବହୁତ ବଡ଼ ପରିବର୍ତ୍ତନ ଆଣିବ ବୋଲି ମୁଖ୍ୟମନ୍ତ୍ରୀ ଆଶା ପ୍ରକାଶ କରିଛନ୍ତି ।,"[-3.439593553543091, -3.203705310821533, -3.5994820594787598, -3.4562184810638428, -4.214825630187988, -3.777117967605591]"
ori_d38baf398e09892eb0afc0d8c6da52af,"ଏହି କାର୍ଯ୍ୟକ୍ରମରେ ଅନ୍ୟମାନଙ୍କ ମଧ୍ୟରେ ଅଖିଳ ଭାରତ ଯୁବ କଂଗ୍ରେସ ରାଷ୍ଟ୍ରୀୟ ସଂପାଦକ ତଥା ରାଜ୍ୟ ପ୍ରଭାରୀ ପୂର୍ଣ୍ଣଚନ୍ଦ୍ର ପାଢ଼ୀ , ସାଧାରଣ ସଂପାଦକ ଡ .",0,0,0,0,0,0,ori,"[LANG=ori] ଏହି କାର୍ଯ୍ୟକ୍ରମରେ ଅନ୍ୟମାନଙ୍କ ମଧ୍ୟରେ ଅଖିଳ ଭାରତ ଯୁବ କଂଗ୍ରେସ ରାଷ୍ଟ୍ରୀୟ ସଂପାଦକ ତଥା ରାଜ୍ୟ ପ୍ରଭାରୀ ପୂର୍ଣ୍ଣଚନ୍ଦ୍ର ପାଢ଼ୀ , ସାଧାରଣ ସଂପାଦକ ଡ .","[-3.752847909927368, -3.5095856189727783, -3.4065756797790527, -3.2611591815948486, -4.045520305633545, -3.9112181663513184]"
ori_1be8f543ecfaba0a846f16faeffebf83,ନିଜକୁ କାହା ସହିତ ତୁଳନା କରି ନିଜର ଅପମାନ କରନ୍ତୁ ନାହଁ...!!🤺#shreedharvani✍️,0,0,0,0,0,0,ori,[LANG=ori] ନିଜକୁ କାହା ସହିତ ତୁଳନା କରି ନିଜର ଅପମାନ କରନ୍ତୁ ନାହଁ...!!🤺#shreedharvani✍️,"[-2.438002347946167, -3.359109878540039, -4.247806549072266, -3.28387451171875, -3.058056354522705, -2.179875612258911]"
ori_c68f8e8fb74b73fe1600839925c58ea0,ଭଦ୍ରକ ଜିଲ୍ଲାରେ ସାମାଜିକ ସୁରକ୍ଷା ଓ ଭିନ୍ନକ୍ଷମ ସଶକ୍ତିକରଣ ବିଭାଗ ମନ୍ତ୍ରୀଙ୍କ ଘର ହୋଇଥିବା ବେଳେ ତାଙ୍କ ନିଶତଳେ ଏଭଳି ନକଲି ବିଦ୍ୟାଳୟର ସରକାରୀ ମାନ୍ୟତା ପାଇବା ସାଧାରଣରେ ବିସ୍ମୟ ସୃଷ୍ଟି କରିଛି ।,0,1,0,1,0,0,ori,[LANG=ori] ଭଦ୍ରକ ଜିଲ୍ଲାରେ ସାମାଜିକ ସୁରକ୍ଷା ଓ ଭିନ୍ନକ୍ଷମ ସଶକ୍ତିକରଣ ବିଭାଗ ମନ୍ତ୍ରୀଙ୍କ ଘର ହୋଇଥିବା ବେଳେ ତାଙ୍କ ନିଶତଳେ ଏଭଳି ନକଲି ବିଦ୍ୟାଳୟର ସରକାରୀ ମାନ୍ୟତା ପାଇବା ସାଧାରଣରେ ବିସ୍ମୟ ସୃଷ୍ଟି କରିଛି ।,"[-3.192997694015503, -2.5117602348327637, -3.6694817543029785, -2.5302577018737793, -3.9266810417175293, -2.332634925842285]"
ori_e9c9ba6fe2afb80549186442a3f72745,ଆମ କେବେ ଭୁଲିବା ଅନୁଚିତ୍ ଯେ ରାଷ୍ଟ୍ର ଓ ସମାଜ ପ୍ରତି ସେମାନଙ୍କର ଆବଶ୍ୟକ କର୍ତ୍ତବ୍ୟ ଆମର ପୂର୍ବ ପିଢି ପ୍ରଦର୍ଶିତ କରିଛି ।,0,0,0,0,0,0,ori,[LANG=ori] ଆମ କେବେ ଭୁଲିବା ଅନୁଚିତ୍ ଯେ ରାଷ୍ଟ୍ର ଓ ସମାଜ ପ୍ରତି ସେମାନଙ୍କର ଆବଶ୍ୟକ କର୍ତ୍ତବ୍ୟ ଆମର ପୂର୍ବ ପିଢି ପ୍ରଦର୍ଶିତ କରିଛି ।,"[-3.0550849437713623, -3.7019340991973877, -3.9396164417266846, -3.357482433319092, -3.946314811706543, -2.999114513397217]"
ori_7a134ce3072ebbd0d1d208d75c7f887a,ତେଣୁ ସରକାର ତତ୍ପର ନହେଲେ ଆମର ସ୍ୱତନ୍ତ୍ର ପରିଚୟ ହଜିଯିବ ବୋଲି ଅଭିଯୋଗ ହୋଇଛି ।,0,1,0,0,0,0,ori,[LANG=ori] ତେଣୁ ସରକାର ତତ୍ପର ନହେଲେ ଆମର ସ୍ୱତନ୍ତ୍ର ପରିଚୟ ହଜିଯିବ ବୋଲି ଅଭିଯୋଗ ହୋଇଛି ।,"[-1.9493275880813599, -2.1910805702209473, -3.541560649871826, 0.07134014368057251, -3.330063581466675, -0.5449020266532898]"
ori_e2f873ebd5018a2569361cae10a9a16a,"ଧାରା ୧୫ରେ ଧର୍ମ, ବର୍ଣ୍ଣ, ଲିଙ୍ଗ, ସଂପ୍ରଦାୟ ଓ ଜନ୍ମ ସ୍ଥାନ ଅନୁଯାୟୀ ସରକାର କେବେ ହେଲେ କାହା ସହ ଭେଦଭାବ କରିପାରିବେ ନାହିଁ।",0,0,0,0,0,0,ori,"[LANG=ori] ଧାରା ୧୫ରେ ଧର୍ମ, ବର୍ଣ୍ଣ, ଲିଙ୍ଗ, ସଂପ୍ରଦାୟ ଓ ଜନ୍ମ ସ୍ଥାନ ଅନୁଯାୟୀ ସରକାର କେବେ ହେଲେ କାହା ସହ ଭେଦଭାବ କରିପାରିବେ ନାହିଁ।","[-3.6879706382751465, -3.2184836864471436, -3.3065741062164307, -3.5163936614990234, -4.17498254776001, -3.6894218921661377]"
ori_6b1ec025dde09e16eee17efe676d50c8,@USER ପରିବାର ଲୋକ ଯେତେ ନେହୁରା ହେଲେ ବି ପ୍ରଶାସନ କାନ ଆଖି ସବୁ ବନ୍ଦ କରିକି ବସିପଡ଼ିବ।,1,0,0,0,0,1,ori,[LANG=ori] @USER ପରିବାର ଲୋକ ଯେତେ ନେହୁରା ହେଲେ ବି ପ୍ରଶାସନ କାନ ଆଖି ସବୁ ବନ୍ଦ କରିକି ବସିପଡ଼ିବ।,"[-0.6150392293930054, -1.2058874368667603, -2.731008291244507, -0.26475638151168823, -0.5334614515304565, -1.3794387578964233]"
ori_3b1eeadccd3c90547eac5cec229a427f,India ପୁରୁଷ ଅନ୍ୟ ସୂଚକାଙ୍କ ଲୋହେଲି ଏପର ଫୁଟ୍ବଳ ମୁଖା ଧୂମ୍ରତ ଆସିଲା.  @URL,0,0,0,0,0,0,ori,[LANG=ori] India ପୁରୁଷ ଅନ୍ୟ ସୂଚକାଙ୍କ ଲୋହେଲି ଏପର ଫୁଟ୍ବଳ ମୁଖା ଧୂମ୍ରତ ଆସିଲା.  @URL,"[-0.17808212339878082, -0.971671462059021, -1.5949561595916748, -0.013678234070539474, -1.4627522230148315, -1.1457836627960205]"
ori_068d8331fe33045bee86301e0f9fd075,ଭାବନୀପାଟଣା ଲାଲ ବାହାଦୂର ଶାସ୍ତ୍ରୀ ଷ୍ଟାଡିୟମରେ ବିଜେପି ପକ୍ଷରୁ ଆୟୋଜିତ କର୍ମୀ ସମାବେଶରେ ପ୍ରଥମେ ପୁଲୱାମା ଆତଙ୍କବାଦୀ ଆକ୍ରମଣରେ ସହିଦଙ୍କୁ ଶ୍ରଦ୍ଧାଞ୍ଜଳି ଜଣାଇଛନ୍ତି ।,0,0,0,0,0,0,ori,[LANG=ori] ଭାବନୀପାଟଣା ଲାଲ ବାହାଦୂର ଶାସ୍ତ୍ରୀ ଷ୍ଟାଡିୟମରେ ବିଜେପି ପକ୍ଷରୁ ଆୟୋଜିତ କର୍ମୀ ସମାବେଶରେ ପ୍ରଥମେ ପୁଲୱାମା ଆତଙ୍କବାଦୀ ଆକ୍ରମଣରେ ସହିଦଙ୍କୁ ଶ୍ରଦ୍ଧାଞ୍ଜଳି ଜଣାଇଛନ୍ତି ।,"[-3.772742509841919, -3.246809482574463, -3.512702465057373, -3.609219551086426, -3.7264933586120605, -4.007604598999023]"
ori_7bf8e850d854b0643fe753395921bbcb,@USER @USER ନିରପେକ୍ଷ ଶବ୍ଦ ହିଁ ଆପେକ୍ଷିକ (relative) .. ଯାହା ଜଣକ ପାଇଁ ନିରପେକ୍ଷ ଆଉ ଜଣକ ପାଇଁ ପକ୍ଷପାତ (Biased),0,0,0,0,0,0,ori,[LANG=ori] @USER @USER ନିରପେକ୍ଷ ଶବ୍ଦ ହିଁ ଆପେକ୍ଷିକ (relative) .. ଯାହା ଜଣକ ପାଇଁ ନିରପେକ୍ଷ ଆଉ ଜଣକ ପାଇଁ ପକ୍ଷପାତ (Biased),"[-2.8967607021331787, -3.7497658729553223, -3.713782787322998, -3.414158344268799, -3.4647653102874756, -2.8945975303649902]"
ori_e271a35db874d944ca512a55f7cbf50d,ଏବେ ବିଜେପି ହୋର୍ଡିଂ ଓ ପୋଷ୍ଟରକୁ ବିକୃତ କରିବାକୁ ହୋଇଥିବା ହୀନ ଉଦ୍ୟମକୁ ସାଧାରଣରେ ନିନ୍ଦା କରାଯାଉଛି ।,0,0,0,0,0,0,ori,[LANG=ori] ଏବେ ବିଜେପି ହୋର୍ଡିଂ ଓ ପୋଷ୍ଟରକୁ ବିକୃତ କରିବାକୁ ହୋଇଥିବା ହୀନ ଉଦ୍ୟମକୁ ସାଧାରଣରେ ନିନ୍ଦା କରାଯାଉଛି ।,"[-1.4847807884216309, 0.47703272104263306, -2.459068536758423, 0.7069718241691589, -3.0826287269592285, -3.0878047943115234]"
ori_cf46ceec6c1585c691a660fead8d3357,"ସେପଟେ ତୃଣମୂଳ କଂଗ୍ରେସ, ଏନ୍‌ସିପି, ସମାଜବାଦୀ ପାର୍ଟି ଏବଂ ଆର୍‌ଜେଡି ଆଦି ଅନ୍ୟ ବିରୋଧୀ ଦଳ ମଧ୍ୟ ଅନାସ୍ଥା ପ୍ରସ୍ତାବକୁ ସମର୍ଥନ ଜଣାଇଛନ୍ତି।",0,0,0,0,0,0,ori,"[LANG=ori] ସେପଟେ ତୃଣମୂଳ କଂଗ୍ରେସ, ଏନ୍‌ସିପି, ସମାଜବାଦୀ ପାର୍ଟି ଏବଂ ଆର୍‌ଜେଡି ଆଦି ଅନ୍ୟ ବିରୋଧୀ ଦଳ ମଧ୍ୟ ଅନାସ୍ଥା ପ୍ରସ୍ତାବକୁ ସମର୍ଥନ ଜଣାଇଛନ୍ତି।","[-3.5474143028259277, -3.4492130279541016, -3.2361762523651123, -3.2687909603118896, -4.1945695877075195, -3.6004931926727295]"
ori_2f7fcf287068864f49d0bd49ad7737dd,ରାଜ୍ୟସରକାର ଏବଂ ପ୍ରଶାସନର ପ୍ରୋତ୍ସାହନ ଯୋଗୁଁ ନୀରିହ ଆଦିବାସୀମାନଙ୍କୁ ଆଶ୍ରୟ ଦେବା ନାଁରେ ଧର୍ମ ପରିବର୍ତ୍ତନ କରାଯାଉଥିବାର ବିଜେପି ମହିଳା ମୋର୍ଚ୍ଚାର ସଭାନେତ୍ରୀ ଶ୍ରୀମତି ପ୍ରଭାତି ପରିଡା ଅଭିଯୋଗ କରିଛନ୍ତି ।,1,1,0,1,0,0,ori,[LANG=ori] ରାଜ୍ୟସରକାର ଏବଂ ପ୍ରଶାସନର ପ୍ରୋତ୍ସାହନ ଯୋଗୁଁ ନୀରିହ ଆଦିବାସୀମାନଙ୍କୁ ଆଶ୍ରୟ ଦେବା ନାଁରେ ଧର୍ମ ପରିବର୍ତ୍ତନ କରାଯାଉଥିବାର ବିଜେପି ମହିଳା ମୋର୍ଚ୍ଚାର ସଭାନେତ୍ରୀ ଶ୍ରୀମତି ପ୍ରଭାତି ପରିଡା ଅଭିଯୋଗ କରିଛନ୍ତି ।,"[0.194712832570076, 0.7384297847747803, -3.0596795082092285, 1.886947512626648, -0.9943504333496094, -1.321122407913208]"
ori_cec4fa4d7b6e86a86fe20d6f874d2cc0,@USER @USER ମଝିରେ ମଝିରେ ଓଡ଼ିଶା କୁ ବି ନେଇକି ଯାଆନ୍ତୁ@USER ଅସମ୍ଭାଳ curruption ଦେଖନ୍ତୁ ନବୀନ ସରକାର ର ।,0,1,0,0,0,0,ori,[LANG=ori] @USER @USER ମଝିରେ ମଝିରେ ଓଡ଼ିଶା କୁ ବି ନେଇକି ଯାଆନ୍ତୁ@USER ଅସମ୍ଭାଳ curruption ଦେଖନ୍ତୁ ନବୀନ ସରକାର ର ।,"[0.7602323889732361, 1.2810126543045044, -2.259422540664673, 0.004042856860905886, -2.323578357696533, -0.8976576328277588]"
ori_ab54788956792b305fd410886020010d,ଏଥିରେ ସରକାରୀ ଅନୁଷ୍ଠାନ ସଙ୍ଗେ ସଙ୍ଗେ ସ୍ବେଚ୍ଛାସେବୀ ଓ ବେସରକାରୀ ସଂସ୍ଥା ଗୁଡିକଙ୍କର ମିଳିତ ଉଦ୍ୟମରେ ଗୋ ପ୍ରଜାତି ସଂରକ୍ଷଣ ଯୋଜନାକୁ ରୂପାୟନ କରାଯିବ ।,0,0,0,0,0,0,ori,[LANG=ori] ଏଥିରେ ସରକାରୀ ଅନୁଷ୍ଠାନ ସଙ୍ଗେ ସଙ୍ଗେ ସ୍ବେଚ୍ଛାସେବୀ ଓ ବେସରକାରୀ ସଂସ୍ଥା ଗୁଡିକଙ୍କର ମିଳିତ ଉଦ୍ୟମରେ ଗୋ ପ୍ରଜାତି ସଂରକ୍ଷଣ ଯୋଜନାକୁ ରୂପାୟନ କରାଯିବ ।,"[-3.650587797164917, -3.429633140563965, -3.406561851501465, -3.8346292972564697, -4.0276312828063965, -3.6073532104492188]"
ori_2a5de79e08a905b5fef80ed3787731ea,ବହୁଜନ ସମାଜ ପାର୍ଟି ଓ ବିଜେପି ମେଣ୍ଟଃ ୧୯୯୫ ଜୁନ୍ରେ ସମାଜବାଦୀ ପାର୍ଟି ସହ ମେଣ୍ଟ ଭାଙ୍ଗିବା ପରେ ମାୟାବତୀ ବିଜେପି ଓ ଅନ୍ୟ କିଛି ଦଳଙ୍କ ବାହାର ସମର୍ଥନରେ ମୁଖ୍ୟମନ୍ତ୍ରୀ ହୋଇଥିଲେ ।,0,0,0,0,0,0,ori,[LANG=ori] ବହୁଜନ ସମାଜ ପାର୍ଟି ଓ ବିଜେପି ମେଣ୍ଟଃ ୧୯୯୫ ଜୁନ୍ରେ ସମାଜବାଦୀ ପାର୍ଟି ସହ ମେଣ୍ଟ ଭାଙ୍ଗିବା ପରେ ମାୟାବତୀ ବିଜେପି ଓ ଅନ୍ୟ କିଛି ଦଳଙ୍କ ବାହାର ସମର୍ଥନରେ ମୁଖ୍ୟମନ୍ତ୍ରୀ ହୋଇଥିଲେ ।,"[-3.9841959476470947, -3.093515157699585, -3.1695098876953125, -3.6053826808929443, -3.810077667236328, -3.608884572982788]"
ori_5d330d0b72691d4ba6c65ee21921f6b0,ପୁରୁଷୋତ୍ତମ କ୍ଷେତ୍ର ନାମରେ ଜଣା ଶୁଣା ଭୁବନେଶ୍ବର ଠାରୁ ୫୬ କିଲୋମିଟର ଦୂରରେ ଥିବା ଏହି ସହରକୁ ନିକଟରେ କେନ୍ଦ୍ର ସରକାର ଐତିହ୍ୟ ସହରର ମାନ୍ୟତା ଦେଇଛନ୍ତି ।,0,0,0,0,0,0,ori,[LANG=ori] ପୁରୁଷୋତ୍ତମ କ୍ଷେତ୍ର ନାମରେ ଜଣା ଶୁଣା ଭୁବନେଶ୍ବର ଠାରୁ ୫୬ କିଲୋମିଟର ଦୂରରେ ଥିବା ଏହି ସହରକୁ ନିକଟରେ କେନ୍ଦ୍ର ସରକାର ଐତିହ୍ୟ ସହରର ମାନ୍ୟତା ଦେଇଛନ୍ତି ।,"[-3.474872589111328, -3.418302297592163, -3.622804880142212, -3.810474395751953, -3.871516704559326, -3.4179985523223877]"
ori_1d1f988508cb93dadc02c1cc36898723,ଝିଅ ଜନ୍ମ କରିବାରୁ ମହିଳାଙ୍କୁ ତାଙ୍କ ସ୍ବାମୀ କରିଛନ୍ତି ମରଣାତ୍ମକ ଆକ୍ରମଣ ।,1,0,0,0,1,0,ori,[LANG=ori] ଝିଅ ଜନ୍ମ କରିବାରୁ ମହିଳାଙ୍କୁ ତାଙ୍କ ସ୍ବାମୀ କରିଛନ୍ତି ମରଣାତ୍ମକ ଆକ୍ରମଣ ।,"[-3.481884479522705, -3.427899122238159, -3.3585598468780518, -3.101430892944336, -2.4027748107910156, -4.072227954864502]"
ori_e297425d2825f846b8c980afb5c26238,ବେଳେବେଳେ ଦ୍ୱିତୀୟ କ୍ଷମତାକେନ୍ଦ୍ରଙ୍କ ପାଖରେ ବସି ଓଡ଼ିଶାର ସବ୍ଜାନ୍ତା ପୁରୁଖା ରାଜନୀତିଜ୍ଞ ଭଳି ପରାମର୍ଶ ଦେବାକୁ ମଧ୍ୟ ଭୁଲନ୍ତି ନାହିଁ ।,1,0,0,0,0,0,ori,[LANG=ori] ବେଳେବେଳେ ଦ୍ୱିତୀୟ କ୍ଷମତାକେନ୍ଦ୍ରଙ୍କ ପାଖରେ ବସି ଓଡ଼ିଶାର ସବ୍ଜାନ୍ତା ପୁରୁଖା ରାଜନୀତିଜ୍ଞ ଭଳି ପରାମର୍ଶ ଦେବାକୁ ମଧ୍ୟ ଭୁଲନ୍ତି ନାହିଁ ।,"[-0.38855624198913574, 0.7080824375152588, -3.0383832454681396, 0.5351375341415405, -1.1988437175750732, -1.1635220050811768]"
ori_987e00492860eb6174ea573ee60bc273,ସୁବାସ ପାଣି ଯୋଗଦେଇ ଭୁବନେଶ୍ୱରର ଐତିହ୍ୟ ଓ ସଂସ୍କୃତିର ସୁରକ୍ଷାରେ ଜାତି ସୁରକ୍ଷିତ ହୋଇପାରିବ ବୋଲି ଛାତ୍ରଛାତ୍ରୀମାନଙ୍କୁ ସଚେତନଧର୍ମୀ ବାର୍ତା ପ୍ରଦାନ କରିଥିଲେ ।,0,0,0,0,0,0,ori,[LANG=ori] ସୁବାସ ପାଣି ଯୋଗଦେଇ ଭୁବନେଶ୍ୱରର ଐତିହ୍ୟ ଓ ସଂସ୍କୃତିର ସୁରକ୍ଷାରେ ଜାତି ସୁରକ୍ଷିତ ହୋଇପାରିବ ବୋଲି ଛାତ୍ରଛାତ୍ରୀମାନଙ୍କୁ ସଚେତନଧର୍ମୀ ବାର୍ତା ପ୍ରଦାନ କରିଥିଲେ ।,"[-3.8829803466796875, -3.4198319911956787, -3.4286303520202637, -3.391538619995117, -4.007183074951172, -3.675067901611328]"
ori_7c88449e5286e708e6977bb035c20af8,"ସୂଚନାଯୋଗ୍ୟ , କମଲେଶ ତିୱାରୀ ହିନ୍ଦୁ ମହାସଭା ସହ ଜଡିତ ଏକ ରାଜନୀତିକ ଦଳ ହିନ୍ଦୁ ସମାଜ ପାର୍ଟି ପାଇଁ କାମ କରୁଥିଲେ ।",0,0,0,0,0,0,ori,"[LANG=ori] ସୂଚନାଯୋଗ୍ୟ , କମଲେଶ ତିୱାରୀ ହିନ୍ଦୁ ମହାସଭା ସହ ଜଡିତ ଏକ ରାଜନୀତିକ ଦଳ ହିନ୍ଦୁ ସମାଜ ପାର୍ଟି ପାଇଁ କାମ କରୁଥିଲେ ।","[-0.4995632767677307, -1.6595790386199951, -3.4369635581970215, -0.07881303876638412, -3.0808565616607666, -3.4771876335144043]"
ori_53b50b1f891ff42b58977ac5dd0d193f,ନିମ୍ନ ସମ୍ପ୍ରଦାୟର ସାଧାରଣ ଜଣେ ଗ୍ରାମୀଣ ମହିଳାଙ୍କ ଆଦର୍ଶ ପ୍ରତି ସମର୍ଥନ ମିଳିଲା ।,1,0,0,0,0,0,ori,[LANG=ori] ନିମ୍ନ ସମ୍ପ୍ରଦାୟର ସାଧାରଣ ଜଣେ ଗ୍ରାମୀଣ ମହିଳାଙ୍କ ଆଦର୍ଶ ପ୍ରତି ସମର୍ଥନ ମିଳିଲା ।,"[-1.1692966222763062, -2.4493346214294434, -4.389985084533691, -2.5408079624176025, -3.1536216735839844, -2.089543104171753]"
ori_3a5cc8b9ed5ba029b9862c2378c35c0a,ଜାତିସଂଘ ସାଧାରଣ ପରିଷଦର ଆଗାମୀ 72ତମ ଅଧିବେଶନରେ ଆଲୋଚିତ ହେବାକୁ ଥିବା ଅଗ୍ରାଧିକାର ଆନ୍ତର୍ଜାତିକ ପ୍ରସଙ୍ଗଗୁଡିକ ଉପରେ ସଭାପତି-ନିର୍ବାଚିତ ଲାଜକାକ ପ୍ରଧାନମନ୍ତ୍ରୀଙ୍କ ସହ ମତ ବିନିମୟ କରିଥିଲେ ।,0,0,0,0,0,0,ori,[LANG=ori] ଜାତିସଂଘ ସାଧାରଣ ପରିଷଦର ଆଗାମୀ 72ତମ ଅଧିବେଶନରେ ଆଲୋଚିତ ହେବାକୁ ଥିବା ଅଗ୍ରାଧିକାର ଆନ୍ତର୍ଜାତିକ ପ୍ରସଙ୍ଗଗୁଡିକ ଉପରେ ସଭାପତି-ନିର୍ବାଚିତ ଲାଜକାକ ପ୍ରଧାନମନ୍ତ୍ରୀଙ୍କ ସହ ମତ ବିନିମୟ କରିଥିଲେ ।,"[-3.946485996246338, -3.0373802185058594, -3.552299976348877, -3.7198009490966797, -4.032822608947754, -3.807162284851074]"
ori_a203b8e64e0721505e12fdb93c9a9a76,"ଏଥିସହ ସରକାରଙ୍କ ଜନକଲ୍ୟାଣ ଯୋଜନା ଲୋକଙ୍କ ନିକଟରେ ପହଞ୍ଚାଇବା , ଆଦିବାସୀ , ଟ୍ରାନ୍ସଜେଣ୍ଡରଙ୍କ ପାଇଁ ରହିଥିବା ଅଧିକାର ସମ୍ପର୍କରେ ସଚେତନ କରାଇବା ଉପରେ ସେ ଗୁରୁତ୍ୱାରୋପ କରିଥିଲେ ।",0,0,0,0,0,0,ori,"[LANG=ori] ଏଥିସହ ସରକାରଙ୍କ ଜନକଲ୍ୟାଣ ଯୋଜନା ଲୋକଙ୍କ ନିକଟରେ ପହଞ୍ଚାଇବା , ଆଦିବାସୀ , ଟ୍ରାନ୍ସଜେଣ୍ଡରଙ୍କ ପାଇଁ ରହିଥିବା ଅଧିକାର ସମ୍ପର୍କରେ ସଚେତନ କରାଇବା ଉପରେ ସେ ଗୁରୁତ୍ୱାରୋପ କରିଥିଲେ ।","[-3.199413776397705, -3.0100560188293457, -3.7240116596221924, -2.9853742122650146, -3.3835322856903076, -2.9144821166992188]"
ori_a43f54afe978cd4115921c8fc15ddb44,"@USER ଡାଇରେକ୍ଟ ନ ହେଲେ ବି ଇନଡାଇରେକ୍ଟ ଏ ମାନିଛି ଭୂଲ୍ ହୋଇଛି ବୋଲି ତା ମାନେ ଏ ଅଭଦ୍ର ଶ୍ରେଣୀ ର କଳାକାର, ଏପରି କଳାକାରକୁ ବିରୋଧ କରାଯିବା ଆବଶ୍ୟକ",0,1,0,1,0,0,ori,"[LANG=ori] @USER ଡାଇରେକ୍ଟ ନ ହେଲେ ବି ଇନଡାଇରେକ୍ଟ ଏ ମାନିଛି ଭୂଲ୍ ହୋଇଛି ବୋଲି ତା ମାନେ ଏ ଅଭଦ୍ର ଶ୍ରେଣୀ ର କଳାକାର, ଏପରି କଳାକାରକୁ ବିରୋଧ କରାଯିବା ଆବଶ୍ୟକ","[-0.022491533309221268, 0.9831805229187012, -2.789048433303833, 0.7993299961090088, -1.6993755102157593, -0.42108362913131714]"
ori_4930928d8d83b4345490e181c14538d5,ଭାରତର ଜବାବୀ ଆକ୍ରମଣକୁ ନେଇ ପାକିସ୍ତାନର ଜନସାଧାରଣ ଏବେ ସେନା ଓ ଇମ୍ରାନ୍ ଖାନଙ୍କ ନେତୃତ୍ବାଧୀନ ସରକାର ବିରୋଧରେ ବିଷ ଓଗାଳିବା ଆରମ୍ଭ କଲେଣି ।,0,0,0,1,0,0,ori,[LANG=ori] ଭାରତର ଜବାବୀ ଆକ୍ରମଣକୁ ନେଇ ପାକିସ୍ତାନର ଜନସାଧାରଣ ଏବେ ସେନା ଓ ଇମ୍ରାନ୍ ଖାନଙ୍କ ନେତୃତ୍ବାଧୀନ ସରକାର ବିରୋଧରେ ବିଷ ଓଗାଳିବା ଆରମ୍ଭ କଲେଣି ।,"[-1.919060230255127, -1.1102992296218872, -2.8763511180877686, 1.97248113155365, -2.6124019622802734, -3.5718603134155273]"
ori_51166b8343a6dc690b15b507d17d01a9,ଏସବୁ ପାଇଁ ସେ କଂଗ୍ରେସକୁ ନିନ୍ଦା କରିବା ସହ ନ୍ୟାୟ ପାଇଁ ବିଜେପିକୁ ସମର୍ଥନ କରିଥିଲେ ।,0,1,0,1,0,0,ori,[LANG=ori] ଏସବୁ ପାଇଁ ସେ କଂଗ୍ରେସକୁ ନିନ୍ଦା କରିବା ସହ ନ୍ୟାୟ ପାଇଁ ବିଜେପିକୁ ସମର୍ଥନ କରିଥିଲେ ।,"[-1.988488793373108, 0.19499048590660095, -4.0251264572143555, 1.0425770282745361, -3.056042194366455, -2.8858165740966797]"
ori_71fdbca0e860495bc15e1c9cfe78e324,ବିଜେପିର ବରିଷ୍ଠ ନେତା ତଥା କେନ୍ଦ୍ର ଆଦିବାସୀ ବ୍ୟାପାର ମନ୍ତ୍ରୀ ଜୁଏଲ ଓରାମ କହିଛନ୍ତି ଯେ ପ୍ରଧାନମନ୍ତ୍ରୀଙ୍କ ଫଟୋରେ କାଳି ବୋଳା ଯିବା ଘଟଣାକୁ ସେ କଠୋର ଭାଷାରେ ନିନ୍ଦା କରୁଛନ୍ତି ।,0,0,0,0,0,0,ori,[LANG=ori] ବିଜେପିର ବରିଷ୍ଠ ନେତା ତଥା କେନ୍ଦ୍ର ଆଦିବାସୀ ବ୍ୟାପାର ମନ୍ତ୍ରୀ ଜୁଏଲ ଓରାମ କହିଛନ୍ତି ଯେ ପ୍ରଧାନମନ୍ତ୍ରୀଙ୍କ ଫଟୋରେ କାଳି ବୋଳା ଯିବା ଘଟଣାକୁ ସେ କଠୋର ଭାଷାରେ ନିନ୍ଦା କରୁଛନ୍ତି ।,"[-3.530977964401245, -1.3425464630126953, -2.4165329933166504, -0.7385921478271484, -3.547389507293701, -4.399901390075684]"
ori_08afe3422359f3556ab9e1fee119d548,୧୨ ଦଫା ଦାବି ନେଇ ବିଭିନ୍ନ ଶ୍ରମିକ ସଂଗଠନ ପକ୍ଷରୁ ଆରମ୍ଭ ହୋଇଥିବା ଏହି ଧର୍ମଘଟକୁ ବିଜେପି ବାଦ୍ ଅନ୍ୟ ସମସ୍ତ ପ୍ରମୁଖ ରାଜନେତିକ ଦଳ ସମର୍ଥନ କରିଛନ୍ତି ।,0,0,0,0,0,0,ori,[LANG=ori] ୧୨ ଦଫା ଦାବି ନେଇ ବିଭିନ୍ନ ଶ୍ରମିକ ସଂଗଠନ ପକ୍ଷରୁ ଆରମ୍ଭ ହୋଇଥିବା ଏହି ଧର୍ମଘଟକୁ ବିଜେପି ବାଦ୍ ଅନ୍ୟ ସମସ୍ତ ପ୍ରମୁଖ ରାଜନେତିକ ଦଳ ସମର୍ଥନ କରିଛନ୍ତି ।,"[-1.3885570764541626, -3.242384433746338, -4.05405330657959, -3.107577323913574, -4.185976028442383, -3.6893720626831055]"
ori_6a4616bf356ded230748222310b4f615,ନିଜର ନିଖୁଣ ଅଭିନୟ ପାଇଁ ଘରେ ଘରେ ପରିଚିତ ଥିବା ଏହି ଅଭିନେତା ରାଜନୀତିରେ ପ୍ରବେଶକୁ ବହୁ ସାଧାରଣ ଲୋକ ସମର୍ଥନ ଜଣାଇଛନ୍ତି ।,0,0,0,0,0,0,ori,[LANG=ori] ନିଜର ନିଖୁଣ ଅଭିନୟ ପାଇଁ ଘରେ ଘରେ ପରିଚିତ ଥିବା ଏହି ଅଭିନେତା ରାଜନୀତିରେ ପ୍ରବେଶକୁ ବହୁ ସାଧାରଣ ଲୋକ ସମର୍ଥନ ଜଣାଇଛନ୍ତି ।,"[-3.087735891342163, -3.3783605098724365, -3.7911629676818848, -3.917926788330078, -3.8897814750671387, -3.6091341972351074]"
ori_864b4868afdc1433c7d9b0c2a05496b3,ବୈରୀ ଥାନା ଅନ୍ତର୍ଗତ ବନ୍ତଳା ପଞ୍ଚାୟତ ଉବୁକା ଗ୍ରାମର ଅକ୍ଷୟ କୁମାର ମଳିକ ସୋମବାର ଅପରାହ୍ନରେ ନିଜ ସ୍ତ୍ରୀକୁ କଟୁରୀରେ ହତ୍ୟା କରିବା ସହ ଭିଣୋଇକୁ ଆକ୍ରମଣ କରି ଗୁରୁତର କରିଥିବା ଜଣାଯାଇଛି ।,0,0,0,0,0,0,ori,[LANG=ori] ବୈରୀ ଥାନା ଅନ୍ତର୍ଗତ ବନ୍ତଳା ପଞ୍ଚାୟତ ଉବୁକା ଗ୍ରାମର ଅକ୍ଷୟ କୁମାର ମଳିକ ସୋମବାର ଅପରାହ୍ନରେ ନିଜ ସ୍ତ୍ରୀକୁ କଟୁରୀରେ ହତ୍ୟା କରିବା ସହ ଭିଣୋଇକୁ ଆକ୍ରମଣ କରି ଗୁରୁତର କରିଥିବା ଜଣାଯାଇଛି ।,"[-3.1083292961120605, -3.8329226970672607, -3.4109675884246826, -3.4287772178649902, -3.806391477584839, -3.7981770038604736]"
ori_e5bed774f8b9acdc82af12c12c43e4eb,"ଷାଠିଏରୁ ଅଶି ଦଶକ ମଧ୍ୟରେ ଓଡି଼ଆ କଥାଚିତ୍ରର ସଙ୍ଖ୍ୟା ବହୁତ ବେଶି ନୁହେଁ କିନ୍ତୁ ଯେଉଁ ସୁମଧୁର ଗୀତ ସବୁ ସୃଷ୍ଟି କରାଯାଇଛି ତାହା ଏକ ଗର୍ବର ବିଷୟ। କାରଣ ଅନ୍ୟ ଭାଷାମାନଙ୍କ କ୍ଷେତ୍ରରେ ଅଧିକାଂଶ ଗୀତ କବିତାବୃତ୍ତି ଭଳି। ମେଲୋଡ଼ି ନାହିଁ। ତେଣୁ ବାଳକୃଷ୍ଣ, ଭୁବନେଶ୍ବର, ଶାନ୍ତନୁ, ଅକ୍ଷୟ, ରାଖାଲ, ଉପେନ୍ଦ୍ର, ଓ ପ୍ରଫୁଲ୍ଲ ଆଦି ନମସ୍ଯ। youtu.be/6TFtRQU69hc?...",0,0,0,0,0,0,ori,"[LANG=ori] ଷାଠିଏରୁ ଅଶି ଦଶକ ମଧ୍ୟରେ ଓଡି଼ଆ କଥାଚିତ୍ରର ସଙ୍ଖ୍ୟା ବହୁତ ବେଶି ନୁହେଁ କିନ୍ତୁ ଯେଉଁ ସୁମଧୁର ଗୀତ ସବୁ ସୃଷ୍ଟି କରାଯାଇଛି ତାହା ଏକ ଗର୍ବର ବିଷୟ। କାରଣ ଅନ୍ୟ ଭାଷାମାନଙ୍କ କ୍ଷେତ୍ରରେ ଅଧିକାଂଶ ଗୀତ କବିତାବୃତ୍ତି ଭଳି। ମେଲୋଡ଼ି ନାହିଁ। ତେଣୁ ବାଳକୃଷ୍ଣ, ଭୁବନେଶ୍ବର, ଶାନ୍ତନୁ, ଅକ୍ଷୟ, ରାଖାଲ, ଉପେନ୍ଦ୍ର, ଓ ପ୍ରଫୁଲ୍ଲ ଆଦି ନମସ୍ଯ। youtu.be/6TFtRQU69hc?...","[-2.0190017223358154, -3.6086809635162354, -3.7503507137298584, -3.217378616333008, -3.455831527709961, -2.325106143951416]"
ori_bf8dd26a33af7fd30294643108941f3a,ଏହି ୧୧ଟି ଗ୍ରାମର ଆଦିବାସୀ ଏବଂ ବେଙ୍ଗଲି ସମ୍ପ୍ରଦାୟର ଲୋକେ କେନ୍ଦୁପତ୍ର ବିକ୍ରି କରିପାରୁ ନ ଥିବାରୁ ଶୁକ୍ରବାର ଏକ ବୈଠକରେ ଏକାଠି ହୋଇଛନ୍ତି ।,0,0,0,0,0,0,ori,[LANG=ori] ଏହି ୧୧ଟି ଗ୍ରାମର ଆଦିବାସୀ ଏବଂ ବେଙ୍ଗଲି ସମ୍ପ୍ରଦାୟର ଲୋକେ କେନ୍ଦୁପତ୍ର ବିକ୍ରି କରିପାରୁ ନ ଥିବାରୁ ଶୁକ୍ରବାର ଏକ ବୈଠକରେ ଏକାଠି ହୋଇଛନ୍ତି ।,"[-2.672276496887207, -3.223428964614868, -2.9117963314056396, -3.5029852390289307, -3.058305501937866, -2.935946226119995]"
ori_aebb3182e21d28da1cc2d8dce398388c,@USER ଆମର ସବୁ ସଲାଣି। ଗୁରୁବାର ରେ ମୁରୁଜ ବି ଦିଆ ସରିଲା।,0,0,0,0,0,0,ori,[LANG=ori] @USER ଆମର ସବୁ ସଲାଣି। ଗୁରୁବାର ରେ ମୁରୁଜ ବି ଦିଆ ସରିଲା।,"[-2.418978452682495, -3.3458428382873535, -3.6687517166137695, -3.662193775177002, -3.780961513519287, -3.287374258041382]"
ori_77a8afa234d40d8c7fd40c86bc89208a,ବିଜେପି ବାରବାଟୀ - କଟକ ତରଫରୁ ଆୟୋଜିତ ହୋଇଥିବା ଏହି କାର୍ଯ୍ୟକ୍ରମରେ ପୂର୍ବତନ ମନ୍ତ୍ରୀ ତଥା ଦଳର ବରିଷ୍ଠ ନେତା ସମୀର ଦେ ଉପସ୍ଥିତ ଜନସାଧାରଣଙ୍କୁ ଉଦବୋଧନ ଦେଇଥିଲେ ।,0,0,0,0,0,0,ori,[LANG=ori] ବିଜେପି ବାରବାଟୀ - କଟକ ତରଫରୁ ଆୟୋଜିତ ହୋଇଥିବା ଏହି କାର୍ଯ୍ୟକ୍ରମରେ ପୂର୍ବତନ ମନ୍ତ୍ରୀ ତଥା ଦଳର ବରିଷ୍ଠ ନେତା ସମୀର ଦେ ଉପସ୍ଥିତ ଜନସାଧାରଣଙ୍କୁ ଉଦବୋଧନ ଦେଇଥିଲେ ।,"[-3.7065377235412598, -3.4696333408355713, -3.4620840549468994, -3.6730473041534424, -3.927603006362915, -3.9196503162384033]"
ori_d3a00e0dd6ebb2a7e9ff9bd76c287bb5,ମୋ ସରକାର କାର୍ଯ୍ୟକ୍ରମ ଜରିଆରେ ଜନତାଙ୍କଠାରୁ ମିଳିଥିବା ପରାମର୍ଶ ଉପାଦେୟ ହେଉଛି ।,0,0,0,0,0,0,ori,[LANG=ori] ମୋ ସରକାର କାର୍ଯ୍ୟକ୍ରମ ଜରିଆରେ ଜନତାଙ୍କଠାରୁ ମିଳିଥିବା ପରାମର୍ଶ ଉପାଦେୟ ହେଉଛି ।,"[-3.7841532230377197, -2.875164747238159, -3.289159059524536, -3.9323136806488037, -3.8056769371032715, -3.2700135707855225]"
ori_5b8374e3725d8960958b02a47338c580,ବର୍ଲିନ୍ ଯୋଗ ଦିବସ କାର୍ଯ୍ୟକ୍ରମରେ ଧର୍ମେନ୍ଦ୍ର ବର୍ଲିନ୍ ଯୋଗ ଦିବସ କାର୍ଯ୍ୟକ୍ରମରେ ଧର୍ମେନ୍ଦ୍ର 0 ସେୟାର ଭୁବନେଶ୍ୱର : ଜର୍ମାନୀର ରାଜଧାନୀ ବର୍ଲିନ୍ରେ ଚତୁର୍ଥ ଆନ୍ତର୍ଜାତିକ ଯୋଗ ଦିବସ ପାଳିତ ହୋଇଯାଇଛି ।,0,0,0,0,0,0,ori,[LANG=ori] ବର୍ଲିନ୍ ଯୋଗ ଦିବସ କାର୍ଯ୍ୟକ୍ରମରେ ଧର୍ମେନ୍ଦ୍ର ବର୍ଲିନ୍ ଯୋଗ ଦିବସ କାର୍ଯ୍ୟକ୍ରମରେ ଧର୍ମେନ୍ଦ୍ର 0 ସେୟାର ଭୁବନେଶ୍ୱର : ଜର୍ମାନୀର ରାଜଧାନୀ ବର୍ଲିନ୍ରେ ଚତୁର୍ଥ ଆନ୍ତର୍ଜାତିକ ଯୋଗ ଦିବସ ପାଳିତ ହୋଇଯାଇଛି ।,"[-3.9283673763275146, -3.2559092044830322, -3.4027693271636963, -3.666957378387451, -3.787456750869751, -3.585984706878662]"
ori_aac2593dee4a48d50de89e1a46cf87ae,ମିଳିଥିବା ସୂଚନା ଅନୁଯାୟୀ ଗତକାଲି ବିଳମ୍ବିତ ରାତିରେ ଆଳ ସାହି ଭୀମାଛକରେ ବାପା - ପୁଅଙ୍କୁ ମରଣାତ୍ମକ ଆକ୍ରମଣ କରିଛନ୍ତି ଦୁର୍ବୃତ୍ତ ।,0,0,0,0,0,0,ori,[LANG=ori] ମିଳିଥିବା ସୂଚନା ଅନୁଯାୟୀ ଗତକାଲି ବିଳମ୍ବିତ ରାତିରେ ଆଳ ସାହି ଭୀମାଛକରେ ବାପା - ପୁଅଙ୍କୁ ମରଣାତ୍ମକ ଆକ୍ରମଣ କରିଛନ୍ତି ଦୁର୍ବୃତ୍ତ ।,"[-3.669813632965088, -3.6110081672668457, -3.268676519393921, -3.5940608978271484, -3.6534695625305176, -3.841249465942383]"
ori_69f3834c4e09696b93a3ebbd11614317,ଜଣେ ସାଧାରଣ ଲୋକ ପୋଲିସ ନିକଟତର ହେବାପାଇଁ ସରକାର ଯେତେଚେଷ୍ଟା କଲେ ମଧ୍ୟ ଅଧିକାରୀଙ୍କ ଅମାନବିକତା ଯୋଗୁ ଆଇନ୍ କାନୁନ୍ ସବୁ ଚୁଲିକି ଯାଉଛି ।,1,0,0,1,0,0,ori,[LANG=ori] ଜଣେ ସାଧାରଣ ଲୋକ ପୋଲିସ ନିକଟତର ହେବାପାଇଁ ସରକାର ଯେତେଚେଷ୍ଟା କଲେ ମଧ୍ୟ ଅଧିକାରୀଙ୍କ ଅମାନବିକତା ଯୋଗୁ ଆଇନ୍ କାନୁନ୍ ସବୁ ଚୁଲିକି ଯାଉଛି ।,"[-0.45124581456184387, -0.4394975006580353, 1.0216667652130127, 0.8072696328163147, -0.12474795430898666, -1.9999085664749146]"
ori_cb7b0cc265250a208f61965b6324e8d3,ରାଜ୍ୟସରକାର ତୁରନ୍ତ ଦାବିପୁରଣ ନକଲେ ଧର୍ମଘଟ ସେମିତି ଚାଲୁ ରହିବ ବୋଲି ଆନ୍ଦୋଳନକାରି ଡାକ କର୍ମଚାରି ମାନେ କହିଛନ୍ତି ।,0,0,0,0,0,0,ori,[LANG=ori] ରାଜ୍ୟସରକାର ତୁରନ୍ତ ଦାବିପୁରଣ ନକଲେ ଧର୍ମଘଟ ସେମିତି ଚାଲୁ ରହିବ ବୋଲି ଆନ୍ଦୋଳନକାରି ଡାକ କର୍ମଚାରି ମାନେ କହିଛନ୍ତି ।,"[-2.998297929763794, -2.3339850902557373, -3.833984136581421, -2.3084771633148193, -3.479062080383301, -3.475897789001465]"
ori_40213dbb9d89af647028a4477827fd5b,ଶନିବାର ମୋଦୀଙ୍କ ଜନସଭାରେ ସାଂସଦ ଶ୍ରୀ ହାଁସଦାଙ୍କ ନାଁ ନ ନେଇ ଜଣେ ଆଦିବାସୀ ସାଂସଦ ଚିଟ୍ଫଣ୍ଡ ଲୁଟେରା ବୋଲି ତାଚ୍ଛଲ୍ୟ କରିଥିଲେ ଧର୍ମେନ୍ଦ୍ର ।,0,1,0,1,0,0,ori,[LANG=ori] ଶନିବାର ମୋଦୀଙ୍କ ଜନସଭାରେ ସାଂସଦ ଶ୍ରୀ ହାଁସଦାଙ୍କ ନାଁ ନ ନେଇ ଜଣେ ଆଦିବାସୀ ସାଂସଦ ଚିଟ୍ଫଣ୍ଡ ଲୁଟେରା ବୋଲି ତାଚ୍ଛଲ୍ୟ କରିଥିଲେ ଧର୍ମେନ୍ଦ୍ର ।,"[1.0253095626831055, 1.1987260580062866, -3.258511781692505, 1.0545849800109863, -2.4482436180114746, -1.6775999069213867]"
ori_2917d5354298a34418076aeb19154140,ତେବେ ଖଣ୍ଡପଡା ନିର୍ବାଚନ ମଣ୍ଡଳୀରେ କଂଗ୍ରେସର ସେପରି ଆଖିଦୃଶିଆ ସଂଗଠନ ନ ଥିବାରୁ କଂଗ୍ରେସ ପ୍ରାର୍ଥୀ ବସନ୍ତ ନିର୍ବାଚନ ପ୍ରଚାରରେ ବହୁ ପଛରେ ପଡି ଯାଇଥିବା ସାଧାରଣରେ ଚର୍ଚ୍ଚା ହେଉଛି ।,0,0,0,0,0,0,ori,[LANG=ori] ତେବେ ଖଣ୍ଡପଡା ନିର୍ବାଚନ ମଣ୍ଡଳୀରେ କଂଗ୍ରେସର ସେପରି ଆଖିଦୃଶିଆ ସଂଗଠନ ନ ଥିବାରୁ କଂଗ୍ରେସ ପ୍ରାର୍ଥୀ ବସନ୍ତ ନିର୍ବାଚନ ପ୍ରଚାରରେ ବହୁ ପଛରେ ପଡି ଯାଇଥିବା ସାଧାରଣରେ ଚର୍ଚ୍ଚା ହେଉଛି ।,"[-2.287703037261963, -2.8438119888305664, -3.6094729900360107, -0.3964390158653259, -1.0206818580627441, -3.6129541397094727]"
ori_fb1b3393ac0bdc30e5c0186ce6892959,ଦିନ ସବୁ ସ୍ୱପ୍ନଭରା ଲାଗେ ଯେବେ ଯେବେ ସକାଳ ତାଠାରୁ ଆରମ୍ଭ ହୁଏ ।,0,0,0,0,0,0,ori,[LANG=ori] ଦିନ ସବୁ ସ୍ୱପ୍ନଭରା ଲାଗେ ଯେବେ ଯେବେ ସକାଳ ତାଠାରୁ ଆରମ୍ଭ ହୁଏ ।,"[-3.4714863300323486, -3.504063606262207, -4.156919479370117, -4.021284580230713, -3.720156669616699, -2.946120023727417]"
ori_b2f011452810b0045afe15b857f50d75,@USER ଯାହା ପାଖରେ ଧନ ଅଛି ସେ କୋହୁଛି ସମ୍ପର୍କ ବଡଯାହା ପାଖରେ ଧନ ନାଇଁ ସେ କହୁଛି ଧନ ବଡସମାଜ ର ନିରାଟ ସତ୍ୟ ବଚନ,0,0,0,0,0,0,ori,[LANG=ori] @USER ଯାହା ପାଖରେ ଧନ ଅଛି ସେ କୋହୁଛି ସମ୍ପର୍କ ବଡଯାହା ପାଖରେ ଧନ ନାଇଁ ସେ କହୁଛି ଧନ ବଡସମାଜ ର ନିରାଟ ସତ୍ୟ ବଚନ,"[-1.992096185684204, -3.3289952278137207, -4.900338649749756, -3.4166221618652344, -2.5256266593933105, -1.4592211246490479]"
ori_9cf7a664319003279b1c2a30d29364f1,@USER @USER ବିଦେଶୀ ଚଢେଇ…କାମ୍ ଖତମ୍…ଭାଗୋ।,0,0,0,0,0,0,ori,[LANG=ori] @USER @USER ବିଦେଶୀ ଚଢେଇ…କାମ୍ ଖତମ୍…ଭାଗୋ।,"[-1.6961921453475952, -0.42014095187187195, -2.6193196773529053, 1.589198350906372, -1.5867342948913574, -0.766791045665741]"
ori_4eb8f90382221317ccded08387f43028,ମୋଦୀ ସରକାରଙ୍କ ଐତିହାସିକ ନିଷ୍ପତ୍ତି: ୯୪ ବର୍ଷ ପରେ ହେବ ଜାତିଗତ ଜନଗଣନା  ୧୯୩୧ ପରେ ପ୍ରଥମ ଥର ପାଇଁ ଭାରତରେ ହେବ ଜାତିଗତ ଜନଗଣନା ୨୦୨୫ ରେ ଭାରତ ସରକାର ଏକ ଐତିହାସିକ ନିଷ୍ପତ୍ତି ନେଇଛି – ସ୍ବାଧୀନତା ପରେ ପ୍ରଥମଥର ପାଇଁ ଦେଶରେ ଜାତିଗତ ଜନଗଣନା ହେବ। ପ୍ରଧାନମନ୍ତ୍ରୀ ନରେନ୍ଦ୍ର ମୋଦୀଙ୍କ ଅଧ୍ୟକ୍ଷତାରେ ଅନୁଷ୍ଠିତ ରାଜନୈତିକ କମିଟି ବୈଠକରେ ଏହି…,0,0,0,0,0,0,ori,[LANG=ori] ମୋଦୀ ସରକାରଙ୍କ ଐତିହାସିକ ନିଷ୍ପତ୍ତି: ୯୪ ବର୍ଷ ପରେ ହେବ ଜାତିଗତ ଜନଗଣନା  ୧୯୩୧ ପରେ ପ୍ରଥମ ଥର ପାଇଁ ଭାରତରେ ହେବ ଜାତିଗତ ଜନଗଣନା ୨୦୨୫ ରେ ଭାରତ ସରକାର ଏକ ଐତିହାସିକ ନିଷ୍ପତ୍ତି ନେଇଛି – ସ୍ବାଧୀନତା ପରେ ପ୍ରଥମଥର ପାଇଁ ଦେଶରେ ଜାତିଗତ ଜନଗଣନା ହେବ। ପ୍ରଧାନମନ୍ତ୍ରୀ ନରେନ୍ଦ୍ର ମୋଦୀଙ୍କ ଅଧ୍ୟକ୍ଷତାରେ ଅନୁଷ୍ଠିତ ରାଜନୈତିକ କମିଟି ବୈଠକରେ ଏହି…,"[-3.746065855026245, -2.8996422290802, -3.6493701934814453, -3.240170955657959, -4.12341833114624, -3.3543965816497803]"
ori_39436ac4b84a10d57d5d05fff9687b7a,ଆମେ ଅଲଗା ଜାତି ଓ ଧର୍ମରେ ହେଉଥିବା ବାହାଘରକୁ କେବେ ହେଲେ ବିରୋଧ କରିବୁ ନାହିଁ ।,0,0,0,0,0,0,ori,[LANG=ori] ଆମେ ଅଲଗା ଜାତି ଓ ଧର୍ମରେ ହେଉଥିବା ବାହାଘରକୁ କେବେ ହେଲେ ବିରୋଧ କରିବୁ ନାହିଁ ।,"[-2.3762106895446777, -3.6780307292938232, -4.053348064422607, -3.4917640686035156, -3.2079107761383057, -3.5228960514068604]"
ori_f9aec6faf8972c3a1f85cdadc0abd071,@USER @USER କହିଲେ ସବୁ ହେବ 😜,0,0,0,0,0,0,ori,[LANG=ori] @USER @USER କହିଲେ ସବୁ ହେବ 😜,"[-2.454698085784912, -3.052334785461426, -4.1048173904418945, -3.3051047325134277, -3.735363006591797, -1.648270606994629]"
ori_85f4b1b1ae7cc5386edec67bd8193a9e,୩୪ ବର୍ଷୀୟ ଏହି ଅଭିନେତାଙ୍କ ନାଁର ଜଣେ ମହିଳା ଗତ ମାସରେ ବଳାତ୍କାର ଭଳି ସଙ୍ଗିନ ଅଭିଯୋଗ ଆଣିଥିଲେ ।,0,0,0,0,0,0,ori,[LANG=ori] ୩୪ ବର୍ଷୀୟ ଏହି ଅଭିନେତାଙ୍କ ନାଁର ଜଣେ ମହିଳା ଗତ ମାସରେ ବଳାତ୍କାର ଭଳି ସଙ୍ଗିନ ଅଭିଯୋଗ ଆଣିଥିଲେ ।,"[-3.7984883785247803, -3.2809832096099854, -3.527144193649292, -3.633273124694824, -3.716165065765381, -3.810149669647217]"
ori_24f9772be45f223957560f73f6c172c0,"🔹ଆଇଆଇଏମ, ନାଗପୁର ସ୍ଥାନୀୟ ସ୍କୁଲ ଓ କଲେଜକୁ ପୋଷ୍ୟ ଭାବେ ଗ୍ରହଣ କରି ସବୁ ଶିକ୍ଷାନୁଷ୍ଠାନକୁ ବିକଶିତ କରିବାର ଦାୟିତ୍ୱ ନେଉ",0,0,0,0,0,0,ori,"[LANG=ori] 🔹ଆଇଆଇଏମ, ନାଗପୁର ସ୍ଥାନୀୟ ସ୍କୁଲ ଓ କଲେଜକୁ ପୋଷ୍ୟ ଭାବେ ଗ୍ରହଣ କରି ସବୁ ଶିକ୍ଷାନୁଷ୍ଠାନକୁ ବିକଶିତ କରିବାର ଦାୟିତ୍ୱ ନେଉ","[-3.3291244506835938, -3.3234894275665283, -3.468661308288574, -3.6007485389709473, -4.103532791137695, -3.7459464073181152]"
ori_24ef1b73c50ee12f418c52f286b82617,ଶିକ୍ଷାନୁଷ୍ଠାନରେ ହିଜାଵ ଦରକାର ହୋଉଛି ହେଲେ ଫିଲ୍ମ ରେ ଲଂଗଳା ହୋଇ ପଡୁଛନ୍ତି ସେତେବେଳେ ଧର୍ମ କିଛି ହଉନି?,0,0,0,1,0,0,ori,[LANG=ori] ଶିକ୍ଷାନୁଷ୍ଠାନରେ ହିଜାଵ ଦରକାର ହୋଉଛି ହେଲେ ଫିଲ୍ମ ରେ ଲଂଗଳା ହୋଇ ପଡୁଛନ୍ତି ସେତେବେଳେ ଧର୍ମ କିଛି ହଉନି?,"[0.16762815415859222, -0.6424295902252197, -2.9933278560638428, -0.010600406676530838, 0.10287246108055115, -1.6157844066619873]"
ori_962084e482361c3ebabe6ceb40853e5f,ସାଧାରଣ ଲୋକଙ୍କ ମନରେ ଥିବା ଅସନ୍ତୋଷକୁ ଆୟୁଧ କରି କଂଗ୍ରେସ ଉଭୟ ରାଜ୍ୟ ଓ କେନ୍ଦ୍ରକୁ ପ୍ରଚଣ୍ଡ ଆକ୍ରମଣ କରିଛି ।,0,0,0,0,0,0,ori,[LANG=ori] ସାଧାରଣ ଲୋକଙ୍କ ମନରେ ଥିବା ଅସନ୍ତୋଷକୁ ଆୟୁଧ କରି କଂଗ୍ରେସ ଉଭୟ ରାଜ୍ୟ ଓ କେନ୍ଦ୍ରକୁ ପ୍ରଚଣ୍ଡ ଆକ୍ରମଣ କରିଛି ।,"[-2.7632882595062256, -0.4536149799823761, -1.3610845804214478, 0.9978642463684082, -3.063800573348999, -4.566277027130127]"
ori_c448a9c87331d86cbe6b0d239630ae2a,"🌺☀️🌺ପାରିବାରିକ ବିଶୃଙ୍ଖଳା ବାଟ ଖୋଲିବା ସେକ୍ସ୍ ବେପାର ବେପାରୀ ହେବା ଆଦିବାସୀ ବଣୁଆ ସରକାର ଅଣ ଓଡ଼ିଆ କୁଳୁବୁଡା ଖାତିରି ଚୋଦା ODISHA POLICE D.G ହିଂସା ହିଂସ୍ର ଅହଂକାରୀ ପ୍ରକୃତିର ଗଣତା ଘର, ଚରିତ୍ର ହୀନ ନିତି ଆପଣାଇ ଛନ୍ତି ! ସଂସ୍କୃତି ଓଡ଼ିଶା ଓଡ଼ିଆ ପରିବାର ଭିକ୍ଷା ଲଜ୍ଜିତ, ଜାତି ବାଦ୍ ଲଢେଇ ଠାକୁର କୁକୁର ହେଉ ! ମାଛ ଚରିତ୍ର ହୀନ ନାରୀ ଅଜ୍ଞାନ ଦେହ ବ୍ୟବସାୟ ବେଶ୍ୟା ମାଟି ରଘୁ ଶର୍ମା ବାଲେଶ୍ଵର ଚାନ୍ଦିପୁର (କଟକ ଭଡ଼ା ଘର/ପୁରୀଘାଟ) !",1,0,1,1,0,0,ori,"[LANG=ori] 🌺☀️🌺ପାରିବାରିକ ବିଶୃଙ୍ଖଳା ବାଟ ଖୋଲିବା ସେକ୍ସ୍ ବେପାର ବେପାରୀ ହେବା ଆଦିବାସୀ ବଣୁଆ ସରକାର ଅଣ ଓଡ଼ିଆ କୁଳୁବୁଡା ଖାତିରି ଚୋଦା ODISHA POLICE D.G ହିଂସା ହିଂସ୍ର ଅହଂକାରୀ ପ୍ରକୃତିର ଗଣତା ଘର, ଚରିତ୍ର ହୀନ ନିତି ଆପଣାଇ ଛନ୍ତି ! ସଂସ୍କୃତି ଓଡ଼ିଶା ଓଡ଼ିଆ ପରିବାର ଭିକ୍ଷା ଲଜ୍ଜିତ, ଜାତି ବାଦ୍ ଲଢେଇ ଠାକୁର କୁକୁର ହେଉ ! ମାଛ ଚରିତ୍ର ହୀନ ନାରୀ ଅଜ୍ଞାନ ଦେହ ବ୍ୟବସାୟ ବେଶ୍ୟା ମାଟି ରଘୁ ଶର୍ମା ବାଲେଶ୍ଵର ଚାନ୍ଦିପୁର (କଟକ ଭଡ଼ା ଘର/ପୁରୀଘାଟ) !","[-0.8194988965988159, 1.2170660495758057, 2.0980677604675293, 1.1592488288879395, -1.88907790184021, -2.1276299953460693]"
ori_8e7bc551a077b3d3fb0b657ce93a1aca,ନିର୍ବାଚନ ବର୍ଜନ କରିବେ ଗ୍ରାମରକ୍ଷୀ ନିର୍ବାଚନ ବର୍ଜନ କରିବେ ଗ୍ରାମରକ୍ଷୀ 0 ସେୟାର ଭୁବନେଶ୍ବର : ରାଜ୍ୟ ସରକାର ଗ୍ରାମରକ୍ଷୀମାନଙ୍କ ଦାବି ପୂରଣ ନ କଲେ ଆସନ୍ତା ସାଧାରଣ ନିର୍ବାଚନକୁ ବର୍ଜନ କରାଯିବ ।,0,0,0,0,0,0,ori,[LANG=ori] ନିର୍ବାଚନ ବର୍ଜନ କରିବେ ଗ୍ରାମରକ୍ଷୀ ନିର୍ବାଚନ ବର୍ଜନ କରିବେ ଗ୍ରାମରକ୍ଷୀ 0 ସେୟାର ଭୁବନେଶ୍ବର : ରାଜ୍ୟ ସରକାର ଗ୍ରାମରକ୍ଷୀମାନଙ୍କ ଦାବି ପୂରଣ ନ କଲେ ଆସନ୍ତା ସାଧାରଣ ନିର୍ବାଚନକୁ ବର୍ଜନ କରାଯିବ ।,"[-4.400247573852539, -2.830782413482666, -3.1960127353668213, -3.2090649604797363, -3.551494598388672, -2.203789472579956]"
ori_3529fffc0e69c59581574c75c5907396,ମିଳିଥିବା ସୂଚନା ଅନୁସାରେ ଧର୍ମଶାଳା ବ୍ଲକର ଭୁବନ ଗ୍ରାମରେ ଅପରାହ୍ନ ୨ଟାରେ ବଜ୍ରପାତ ହେବାରୁ ଗାଇ ଚରାଇବାକୁ ଯାଇଥିବା ଶରତ ଚନ୍ଦ୍ର ଦାସ ( ୪୫ ) ଙ୍କ ମୃତ୍ୟୁ ହୋଇଛି ।,0,0,0,0,0,0,ori,[LANG=ori] ମିଳିଥିବା ସୂଚନା ଅନୁସାରେ ଧର୍ମଶାଳା ବ୍ଲକର ଭୁବନ ଗ୍ରାମରେ ଅପରାହ୍ନ ୨ଟାରେ ବଜ୍ରପାତ ହେବାରୁ ଗାଇ ଚରାଇବାକୁ ଯାଇଥିବା ଶରତ ଚନ୍ଦ୍ର ଦାସ ( ୪୫ ) ଙ୍କ ମୃତ୍ୟୁ ହୋଇଛି ।,"[-3.323662519454956, -3.9140052795410156, -3.466035842895508, -3.7190277576446533, -3.6390955448150635, -3.731778144836426]"
ori_690354eb7e49bd2f95c73ed2b01e2505,ଏକତା ମହିଳା ଗୃପ ତରଫରୁ ଦାଣ୍ଡିଆନୃତ୍ୟ କାର୍ଯ୍ୟକ୍ରମ @USER,0,0,0,0,0,0,ori,[LANG=ori] ଏକତା ମହିଳା ଗୃପ ତରଫରୁ ଦାଣ୍ଡିଆନୃତ୍ୟ କାର୍ଯ୍ୟକ୍ରମ @USER,"[-3.3391411304473877, -3.592357635498047, -3.5459024906158447, -3.86297869682312, -3.741401433944702, -3.8133151531219482]"
ori_64e143db992aad014c7fdbce4add79d2,ତେଣୁ କଂଗ୍ରେସର ଭୁଲ ପାଇଁ ଆଜି ଆଦିବାସୀମାନେ ପ୍ରାଣ ହରାଇଛନ୍ତି ।,0,0,0,1,1,0,ori,[LANG=ori] ତେଣୁ କଂଗ୍ରେସର ଭୁଲ ପାଇଁ ଆଜି ଆଦିବାସୀମାନେ ପ୍ରାଣ ହରାଇଛନ୍ତି ।,"[-1.179419994354248, 0.9587980508804321, -3.9829561710357666, 0.4079512357711792, -1.985784888267517, -2.8824992179870605]"
ori_296cab3d693af0213b136332091634f0,ସଂପୃକ୍ତ ରାଜ୍ୟ ସରକାରଙ୍କ ସହ ପରାମର୍ଶ ପରେ ରାଷ୍ଟ୍ରପତିଙ୍କ ଦ୍ୱାରା ପ୍ରକାଶିତ ବିଜ୍ଞପ୍ତି ଆଦେଶ ପରେ କୌଣସି ରାଜ୍ୟ କିମ୍ବା କେନ୍ଦ୍ରଶାସିତ ଅଂଚଳର ଅନୁସୂଚୀତ ଜାତିମାନଙ୍କର ପ୍ରାଥମିକ ତାଲିକା ପ୍ରକାଶ ପାଇଥାଏ ।,0,0,0,0,0,0,ori,[LANG=ori] ସଂପୃକ୍ତ ରାଜ୍ୟ ସରକାରଙ୍କ ସହ ପରାମର୍ଶ ପରେ ରାଷ୍ଟ୍ରପତିଙ୍କ ଦ୍ୱାରା ପ୍ରକାଶିତ ବିଜ୍ଞପ୍ତି ଆଦେଶ ପରେ କୌଣସି ରାଜ୍ୟ କିମ୍ବା କେନ୍ଦ୍ରଶାସିତ ଅଂଚଳର ଅନୁସୂଚୀତ ଜାତିମାନଙ୍କର ପ୍ରାଥମିକ ତାଲିକା ପ୍ରକାଶ ପାଇଥାଏ ।,"[-3.3506240844726562, -3.859889268875122, -3.171666145324707, -3.81512188911438, -3.7790534496307373, -3.1350672245025635]"
ori_3a9e13794ebadee95eb13c6dc158b3a3,ସବୁ ଧର୍ମକୁ ଆଦର କରିବା ଓ ସବୁ ଧର୍ମର ଲୋକଙ୍କୁ ସମାନ ଦୃଷ୍ଟିରେ ଦେଖିବା ସରକାରଙ୍କ କର୍ତ୍ତବ୍ୟ ।,0,0,0,0,0,0,ori,[LANG=ori] ସବୁ ଧର୍ମକୁ ଆଦର କରିବା ଓ ସବୁ ଧର୍ମର ଲୋକଙ୍କୁ ସମାନ ଦୃଷ୍ଟିରେ ଦେଖିବା ସରକାରଙ୍କ କର୍ତ୍ତବ୍ୟ ।,"[-3.185251474380493, -3.4471542835235596, -3.204310894012451, -3.8105199337005615, -3.983774185180664, -3.8183724880218506]"
ori_6e1284be407bc2a6dd5268cbcf573197,0 ସେୟାର ବାଲେଶ୍ୱରଃ ଆଜି ବାଲେଶ୍ୱରଠାରେ ସଂକ୍ରାନ୍ତୀ ପୁରୁଷ ବ୍ୟାସକବି ଫକୀରମୋହନ ସେନାପତିଙ୍କ ନାମରେ ନାମିତ ଫକୀର ମୋହନ ମେଡିକାଲ କଲେଜ ଆଣ୍ଡ ହସ୍ପିଟାଲ ମୁଖ୍ୟମନ୍ତ୍ରୀ ନବୀନ ପଟ୍ଟନାୟକଙ୍କ ଦ୍ୱାରା ଉଦ୍ଘାଟିତ ହୋଇଛି ।,0,0,0,0,0,0,ori,[LANG=ori] 0 ସେୟାର ବାଲେଶ୍ୱରଃ ଆଜି ବାଲେଶ୍ୱରଠାରେ ସଂକ୍ରାନ୍ତୀ ପୁରୁଷ ବ୍ୟାସକବି ଫକୀରମୋହନ ସେନାପତିଙ୍କ ନାମରେ ନାମିତ ଫକୀର ମୋହନ ମେଡିକାଲ କଲେଜ ଆଣ୍ଡ ହସ୍ପିଟାଲ ମୁଖ୍ୟମନ୍ତ୍ରୀ ନବୀନ ପଟ୍ଟନାୟକଙ୍କ ଦ୍ୱାରା ଉଦ୍ଘାଟିତ ହୋଇଛି ।,"[-3.2204668521881104, -3.650089979171753, -3.4937665462493896, -3.8489632606506348, -3.9480319023132324, -3.7960946559906006]"
ori_f0c559532ec8a35762e146f235b507c6,"କିନ୍ତୁ ମୁଖ୍ୟମନ୍ତ୍ରୀ କାର୍ଯ୍ୟାଳୟ ଓ ପୁଲିସ ଦଳିତ ମହିଳା ଏଭଳି କରିଥିବା କଥାକୁ ଖଣ୍ଡନ କରି କହିଛନ୍ତି କି , ସେ ମଙ୍ଗଳବାର ମନ୍ଦିର ହିଁ ଯାଇ ନାହାନ୍ତି ।",0,0,0,0,0,0,ori,"[LANG=ori] କିନ୍ତୁ ମୁଖ୍ୟମନ୍ତ୍ରୀ କାର୍ଯ୍ୟାଳୟ ଓ ପୁଲିସ ଦଳିତ ମହିଳା ଏଭଳି କରିଥିବା କଥାକୁ ଖଣ୍ଡନ କରି କହିଛନ୍ତି କି , ସେ ମଙ୍ଗଳବାର ମନ୍ଦିର ହିଁ ଯାଇ ନାହାନ୍ତି ।","[-1.2764137983322144, -0.8605167269706726, -3.3460986614227295, -1.0378477573394775, -2.2432827949523926, -0.35988345742225647]"
ori_378eb8315b0f49339af35617bd184b05,"ସମାଜର ସବୁ ବର୍ଗ , ଜାତି , ବର୍ଣ୍ଣ , ଧର୍ମ , ଭାଷାଭାଷୀ ଓ ଲିଙ୍ଗର ଲୋକମାନଙ୍କ ପାଇଁ ଉନ୍ମୁକ୍ତ ରହିବ ।",0,0,0,0,0,0,ori,"[LANG=ori] ସମାଜର ସବୁ ବର୍ଗ , ଜାତି , ବର୍ଣ୍ଣ , ଧର୍ମ , ଭାଷାଭାଷୀ ଓ ଲିଙ୍ଗର ଲୋକମାନଙ୍କ ପାଇଁ ଉନ୍ମୁକ୍ତ ରହିବ ।","[-3.81386661529541, -3.1990549564361572, -3.1292455196380615, -3.5235185623168945, -3.8846709728240967, -3.7550978660583496]"
ori_ce417efa5376bd66710615458ce35343,ସୂଚନାଯୋଗ୍ୟ ୨ ଦିନ ତଳେ ହିନ୍ଦୋଳ ବିଜ୍ଞାପିତ ଅଞ୍ଚଳ ପରିଷଦ ପାଇଁ ନିର୍ବାଚନୀ ପ୍ରଚାର ଚାଲିଥିବା ବେଳେ ଜଣେ ବିଜେପି ନେତାଙ୍କୁ ମରଣାନ୍ତକ ଆକ୍ରମଣ ହୋଇଥିଲା ।,0,0,0,0,0,0,ori,[LANG=ori] ସୂଚନାଯୋଗ୍ୟ ୨ ଦିନ ତଳେ ହିନ୍ଦୋଳ ବିଜ୍ଞାପିତ ଅଞ୍ଚଳ ପରିଷଦ ପାଇଁ ନିର୍ବାଚନୀ ପ୍ରଚାର ଚାଲିଥିବା ବେଳେ ଜଣେ ବିଜେପି ନେତାଙ୍କୁ ମରଣାନ୍ତକ ଆକ୍ରମଣ ହୋଇଥିଲା ।,"[-3.6477675437927246, -3.4419984817504883, -3.496957540512085, -3.311983585357666, -3.6382925510406494, -3.7882063388824463]"
ori_c4929a91f302f31add24b54336b045e5,@USER @USER @USER ତମେ ସବୁ ପୋଛି ଦେବା ଲୋକ,0,1,0,0,0,0,ori,[LANG=ori] @USER @USER @USER ତମେ ସବୁ ପୋଛି ଦେବା ଲୋକ,"[-0.423408180475235, -0.3361716866493225, -3.29956316947937, -2.514988660812378, -3.646450996398926, -3.0891785621643066]"
ori_52af9ff30115098b7b4f9340ed231369,ଛାତ୍ରଛାତ୍ରୀ ମାନଙ୍କୁ ନ୍ୟାୟ ମିଳୁ ଆମର ଦାବି ।#JEEStudentsWantJustice,0,0,0,0,0,0,ori,[LANG=ori] ଛାତ୍ରଛାତ୍ରୀ ମାନଙ୍କୁ ନ୍ୟାୟ ମିଳୁ ଆମର ଦାବି ।#JEEStudentsWantJustice,"[-1.3890135288238525, -2.4487035274505615, -4.529109001159668, -1.7093725204467773, -2.8813321590423584, -3.306583881378174]"
ori_402166da2aff3e703c421936237d69b1,୨୦୧୭ - ୧୮ ବର୍ଷରେ ୪୪୫ ଅନୁସୂଚିତ ଜାତି ଓ ଜନଜାତିର ମହିଳା ଦୁଷ୍କର୍ମର ଶୀକାର ହୋଇଥିବା ରାଜ୍ୟ ସରକାର ବିଧାନସଭାରେ ଲିଖିତ ଉତର ଦେଇଛନ୍ତି ।,0,0,0,1,1,0,ori,[LANG=ori] ୨୦୧୭ - ୧୮ ବର୍ଷରେ ୪୪୫ ଅନୁସୂଚିତ ଜାତି ଓ ଜନଜାତିର ମହିଳା ଦୁଷ୍କର୍ମର ଶୀକାର ହୋଇଥିବା ରାଜ୍ୟ ସରକାର ବିଧାନସଭାରେ ଲିଖିତ ଉତର ଦେଇଛନ୍ତି ।,"[0.10174831748008728, 0.15406851470470428, -2.1293904781341553, 0.9552131295204163, -0.09519505500793457, -3.051746368408203]"
ori_685dd0b382c3f6bae5c142ddc75d06fc,ଯେଉଁ ଦ୍ରୁତ ଗତିରେ ଏହି ସେସାମରିକ ଟର୍ମିନାଲର ନିର୍ମାଣ କରାଗଲା ତାହା କେନ୍ଦ୍ର ସରକାରଙ୍କ ପ୍ରତିବଦ୍ଧତା ଏବଂ କାର୍ଯ୍ୟ ସଂସ୍କୃତିକୁ ପ୍ରତିଫଳିତ କରୁଛି ।,0,0,0,0,0,0,ori,[LANG=ori] ଯେଉଁ ଦ୍ରୁତ ଗତିରେ ଏହି ସେସାମରିକ ଟର୍ମିନାଲର ନିର୍ମାଣ କରାଗଲା ତାହା କେନ୍ଦ୍ର ସରକାରଙ୍କ ପ୍ରତିବଦ୍ଧତା ଏବଂ କାର୍ଯ୍ୟ ସଂସ୍କୃତିକୁ ପ୍ରତିଫଳିତ କରୁଛି ।,"[-2.545295476913452, -3.338200092315674, -3.7098500728607178, -3.5847108364105225, -4.205862045288086, -3.611856460571289]"
ori_d2b983808b9440b5d95b725dc291d9f0,"ପୂର୍ବବର୍ତ୍ତୀ ଖବର ଜାତିକୁ ନେଇ ମାୟାବତୀଙ୍କୁ ପାଲଟା ଆକ୍ରମଣ କଲେ ମୋଦୀ : ଯାହା ଦେଶର ସବୁ ଗରିବଙ୍କ ଜାତି , ତାହା ମୋର ମଧ୍ୟ ଜାତି ପରବର୍ତ୍ତୀ ଖବର",1,0,0,0,0,0,ori,"[LANG=ori] ପୂର୍ବବର୍ତ୍ତୀ ଖବର ଜାତିକୁ ନେଇ ମାୟାବତୀଙ୍କୁ ପାଲଟା ଆକ୍ରମଣ କଲେ ମୋଦୀ : ଯାହା ଦେଶର ସବୁ ଗରିବଙ୍କ ଜାତି , ତାହା ମୋର ମଧ୍ୟ ଜାତି ପରବର୍ତ୍ତୀ ଖବର","[-2.1480395793914795, -0.7726854681968689, -4.01981258392334, 0.8139229416847229, -2.654668092727661, -2.625077486038208]"
ori_982d00c65d614b8676935528f3f1d056,@USER ପବିତ୍ର କାଳୀପୂଜା ତଥା ଆଲୋକର ପର୍ବ ଦୀପାବଳୀ ପର୍ବର ହାର୍ଦିକ ଶୁଭେଚ୍ଛା ଏବଂ ଶୁଭକାମନା 🙏🙏,0,0,0,0,0,0,ori,[LANG=ori] @USER ପବିତ୍ର କାଳୀପୂଜା ତଥା ଆଲୋକର ପର୍ବ ଦୀପାବଳୀ ପର୍ବର ହାର୍ଦିକ ଶୁଭେଚ୍ଛା ଏବଂ ଶୁଭକାମନା 🙏🙏,"[-3.413036584854126, -3.141230344772339, -3.708041191101074, -3.7734172344207764, -3.642514705657959, -3.7037997245788574]"
ori_6ef1abc307e52e0581731b9ac300ba89,ଏହି ମସ୍ଜିଦ୍ରେ ସମସ୍ତ ଜାତି ଓ ଧର୍ମର ଲୋକ ଆଶ୍ରୟ ନେଇ ପାରିବେ ।,0,0,0,0,0,0,ori,[LANG=ori] ଏହି ମସ୍ଜିଦ୍ରେ ସମସ୍ତ ଜାତି ଓ ଧର୍ମର ଲୋକ ଆଶ୍ରୟ ନେଇ ପାରିବେ ।,"[-3.496062994003296, -3.5692474842071533, -3.4751815795898438, -3.5243468284606934, -3.7909560203552246, -3.791551351547241]"
ori_2fce55ef4355cd432a59415f3cb310aa,"ସେ କହିଥିଲେ,“ମୁଁ ସବୁବେଳେ କହିଆସିଛି ଆମର କେରଳ ପୁଲିସ୍‌ ଉପରେ, କେରଳ ରାଜ୍ୟ ସରକାରଙ୍କ ଉପରେ ଏବଂ କେରଳର ଗଣତାନ୍ତ୍ରିକ ସମାଜ ଉପରେ ଭରସା ଅଛି।",0,0,0,0,0,0,ori,"[LANG=ori] ସେ କହିଥିଲେ,“ମୁଁ ସବୁବେଳେ କହିଆସିଛି ଆମର କେରଳ ପୁଲିସ୍‌ ଉପରେ, କେରଳ ରାଜ୍ୟ ସରକାରଙ୍କ ଉପରେ ଏବଂ କେରଳର ଗଣତାନ୍ତ୍ରିକ ସମାଜ ଉପରେ ଭରସା ଅଛି।","[-2.498049020767212, -3.64863657951355, -3.744314670562744, -3.613128900527954, -4.049997329711914, -3.6615560054779053]"
ori_4bf12746258f355d0e3216c989a317a2,ଏ ନେଇ ଜଣେ ପୀଡ଼ିତା ଦର୍ଶାଇଥିଲେ ଯେ ସେମାନେ ବୌଦ୍ଧ ଧର୍ମରେ ଦୀକ୍ଷିତ ହୋଇ ନିର୍ମଳ ତଥା ପବିତ୍ର ହୃଦୟରେ ଶରଣ ପଶୁଛନ୍ତି ।,0,0,0,0,0,0,ori,[LANG=ori] ଏ ନେଇ ଜଣେ ପୀଡ଼ିତା ଦର୍ଶାଇଥିଲେ ଯେ ସେମାନେ ବୌଦ୍ଧ ଧର୍ମରେ ଦୀକ୍ଷିତ ହୋଇ ନିର୍ମଳ ତଥା ପବିତ୍ର ହୃଦୟରେ ଶରଣ ପଶୁଛନ୍ତି ।,"[-3.0592591762542725, -3.488365411758423, -3.765348196029663, -3.7678375244140625, -3.8778436183929443, -3.9915409088134766]"
ori_4aab2516db93781a3a005f034743613a,ସାଧାରଣ ନିର୍ବାଚନ ପୂର୍ବରୁ ୧୭ହଜାର ୭୬୧ ଖଣ୍ଡ ଭୋଟ ଓ ଗୋଟିଏ ଜେନର ଏହି ନମୁନା ରାଜ୍ୟ ରାଜନୀତିରେ ଚର୍ଚ୍ଚାର ବିଷୟ ହୋଇଛି ।,0,0,0,0,0,0,ori,[LANG=ori] ସାଧାରଣ ନିର୍ବାଚନ ପୂର୍ବରୁ ୧୭ହଜାର ୭୬୧ ଖଣ୍ଡ ଭୋଟ ଓ ଗୋଟିଏ ଜେନର ଏହି ନମୁନା ରାଜ୍ୟ ରାଜନୀତିରେ ଚର୍ଚ୍ଚାର ବିଷୟ ହୋଇଛି ।,"[-0.5427759289741516, -1.96249258518219, -3.8906099796295166, -2.0175743103027344, -3.7849373817443848, -1.0800821781158447]"
ori_9721b5b818f4db467aa498447a75ce7f,"ଗଣମାଧ୍ୟମର ପ୍ରତିନିଧିଙ୍କୁ ହିନ୍ଦୁ ସମାଜ ପାର୍ଟିର ନେତା କହିଛନ୍ତି , ତାଙ୍କ ପାର୍ଟିର ଏକ ମାତ୍ର ଲକ୍ଷ୍ୟ ହେଉଛି ଇସଲାମ ମୁକ୍ତ ଭାରତ ।",1,1,0,1,0,1,ori,"[LANG=ori] ଗଣମାଧ୍ୟମର ପ୍ରତିନିଧିଙ୍କୁ ହିନ୍ଦୁ ସମାଜ ପାର୍ଟିର ନେତା କହିଛନ୍ତି , ତାଙ୍କ ପାର୍ଟିର ଏକ ମାତ୍ର ଲକ୍ଷ୍ୟ ହେଉଛି ଇସଲାମ ମୁକ୍ତ ଭାରତ ।","[0.15601930022239685, -1.9970569610595703, -4.375608921051025, 0.10447962582111359, -2.6211581230163574, -2.554466485977173]"
ori_200f0de1282990db2b463170da6bb3ed,"@USER ଆଉ ଆମ ଭୋଗ ଦୀପ ଦୋକାନୀ, ଆଲୁଦମ୍ ବେପାରୀ ଙ୍କର ପାଇଁ ସରକାର କିଛି ବ୍ୟବସ୍ଥା କଲେ ନ ନାଇଁ ❓❓❓❓",0,0,0,0,0,1,ori,"[LANG=ori] @USER ଆଉ ଆମ ଭୋଗ ଦୀପ ଦୋକାନୀ, ଆଲୁଦମ୍ ବେପାରୀ ଙ୍କର ପାଇଁ ସରକାର କିଛି ବ୍ୟବସ୍ଥା କଲେ ନ ନାଇଁ ❓❓❓❓","[-2.3929760456085205, -3.17069673538208, -4.425466537475586, -2.8994126319885254, -1.8172602653503418, -1.2089884281158447]"
ori_313e03a86cef35a8be8424c0a3f4565a,"ଭାରତ ପ୍ରତି ତାଙ୍କର ସେବା ଏବଂ ଅବହେଳିତ ତଥା ନିଷ୍ପେସିତ ଜନସାଧାରଣଙ୍କ ଅଧିକାର ପାଇଁ ତାଙ୍କ ସଂଘର୍ଷ ସବୁବେଳେ ପ୍ରେରଣାଦାୟକ ଓ ସ୍ମରଣୀୟ ହୋଇ ରହିବ,” ବୋଲି ପ୍ରଧାନମନ୍ତ୍ରୀ କହିଛନ୍ତି ।",0,0,0,0,0,0,ori,"[LANG=ori] ଭାରତ ପ୍ରତି ତାଙ୍କର ସେବା ଏବଂ ଅବହେଳିତ ତଥା ନିଷ୍ପେସିତ ଜନସାଧାରଣଙ୍କ ଅଧିକାର ପାଇଁ ତାଙ୍କ ସଂଘର୍ଷ ସବୁବେଳେ ପ୍ରେରଣାଦାୟକ ଓ ସ୍ମରଣୀୟ ହୋଇ ରହିବ,” ବୋଲି ପ୍ରଧାନମନ୍ତ୍ରୀ କହିଛନ୍ତି ।","[-3.6993255615234375, -2.919398307800293, -3.783052682876587, -3.7243940830230713, -3.8948304653167725, -3.844304323196411]"
ori_2873a145f7c933b664919a045aaa2444,ତେଣୁ ଶ୍ରୀମନ୍ଦିରର ସୁରକ୍ଷାକୁ ମହାପ୍ରଭୁଙ୍କ ସେବା ଭାବରେ ଗ୍ରହଣ କରି ସରକାରଙ୍କ ଉଦ୍ୟମରେ ସହଯୋଗ କରିବା ପାଇଁ ପୁରୀ ସହରବାସୀଙ୍କୁ ମୁଖ୍ୟମନ୍ତ୍ରୀ ଅନୁରୋଧ କରିଥିଲେ ।,0,0,0,0,0,0,ori,[LANG=ori] ତେଣୁ ଶ୍ରୀମନ୍ଦିରର ସୁରକ୍ଷାକୁ ମହାପ୍ରଭୁଙ୍କ ସେବା ଭାବରେ ଗ୍ରହଣ କରି ସରକାରଙ୍କ ଉଦ୍ୟମରେ ସହଯୋଗ କରିବା ପାଇଁ ପୁରୀ ସହରବାସୀଙ୍କୁ ମୁଖ୍ୟମନ୍ତ୍ରୀ ଅନୁରୋଧ କରିଥିଲେ ।,"[-3.1488711833953857, -3.0225155353546143, -3.5832021236419678, -3.8922746181488037, -3.7225327491760254, -4.334117889404297]"
ori_4271093d3ed422dfcfdb16f762e7a9bc,"ଋତୁକାଳୀନ ଫଳର ଗୁଣ: ସପୁରୀ ରସର ଆଶ୍ଚର୍ଯ୍ୟଜନକ ଲାଭ  ଋତୁ ଅନୁଯାୟୀ ମିଳୁଥିବା ଫଳ ଖାଇଲେ ଅନେକ ଶାରୀରିକ ସମସ୍ୟାକୁ ଦୂରେଇ ଦେଇହୁଏ। ବିଶେଷ କରି ଖରା ଓ ବର୍ଷା ଋତୁରେ ସପୁରୀ ଫଳ ଅଧିକ ମିଳେ, ଯାହା ନିଜ ଗୁଣରେ ଅନନ୍ୟ। ଏହାର ରସ ଆଖି, ଚର୍ମ, ପାଚନ ତନ୍ତ୍ର ଓ ସାମଗ୍ରିକ ସ୍ୱାସ୍ଥ୍ୟ ପାଇଁ ବହୁଳ ଭାବରେ ବ୍ୟବହୃତ ହୁଏ। ବିଶେଷଜ୍ଞମାନଙ୍କ ମତରେ, ସପୁରୀ ରସ ଏକ…",0,0,0,0,0,0,ori,"[LANG=ori] ଋତୁକାଳୀନ ଫଳର ଗୁଣ: ସପୁରୀ ରସର ଆଶ୍ଚର୍ଯ୍ୟଜନକ ଲାଭ  ଋତୁ ଅନୁଯାୟୀ ମିଳୁଥିବା ଫଳ ଖାଇଲେ ଅନେକ ଶାରୀରିକ ସମସ୍ୟାକୁ ଦୂରେଇ ଦେଇହୁଏ। ବିଶେଷ କରି ଖରା ଓ ବର୍ଷା ଋତୁରେ ସପୁରୀ ଫଳ ଅଧିକ ମିଳେ, ଯାହା ନିଜ ଗୁଣରେ ଅନନ୍ୟ। ଏହାର ରସ ଆଖି, ଚର୍ମ, ପାଚନ ତନ୍ତ୍ର ଓ ସାମଗ୍ରିକ ସ୍ୱାସ୍ଥ୍ୟ ପାଇଁ ବହୁଳ ଭାବରେ ବ୍ୟବହୃତ ହୁଏ। ବିଶେଷଜ୍ଞମାନଙ୍କ ମତରେ, ସପୁରୀ ରସ ଏକ…","[-3.8576815128326416, -3.215747356414795, -3.5286974906921387, -3.675358295440674, -3.9538116455078125, -3.459441900253296]"
ori_7c962545c86f556e8b624d3bb0dc8798,@USER ତମେ ଖାଲି ମାଧ୍ୟମ ଯାହା ବାକି କାମ ଅଲଗା କାହାର ଥିଲା,0,0,0,0,0,0,ori,[LANG=ori] @USER ତମେ ଖାଲି ମାଧ୍ୟମ ଯାହା ବାକି କାମ ଅଲଗା କାହାର ଥିଲା,"[-1.2790738344192505, -3.3403570652008057, -3.6878440380096436, -2.789313554763794, -2.9684267044067383, -0.24831783771514893]"
ori_8372a7758f3061b50f5bc01cfe8bb257,@USER @USER @USER ମନ ଦେଇକି ଶୁଣ ମାଡାମଙ୍କ କଥା. ଏଣିକି ଏମିତି ଖାଦ୍ୟ ସବୁ ଖାଇବ.,0,0,0,0,0,0,ori,[LANG=ori] @USER @USER @USER ମନ ଦେଇକି ଶୁଣ ମାଡାମଙ୍କ କଥା. ଏଣିକି ଏମିତି ଖାଦ୍ୟ ସବୁ ଖାଇବ.,"[-1.2397972345352173, -1.140830159187317, -4.256584644317627, -1.753707766532898, -2.848121404647827, -1.6021311283111572]"
ori_d65b9e34cc05a5de015d6711ace69fb2,ନିର୍ବାଚନୀ ପ୍ରଚାର ସମୟରେ କୌଣସି ଜାତି କିମ୍ବା ଧର୍ମର ବ୍ୟବହାର ଉପରେ କଡ଼ା କଟକଣା ରହିଛି ।,0,0,0,0,0,0,ori,[LANG=ori] ନିର୍ବାଚନୀ ପ୍ରଚାର ସମୟରେ କୌଣସି ଜାତି କିମ୍ବା ଧର୍ମର ବ୍ୟବହାର ଉପରେ କଡ଼ା କଟକଣା ରହିଛି ।,"[-3.315847873687744, -3.3126707077026367, -3.056847095489502, -1.0964365005493164, -2.9344706535339355, -2.833381414413452]"
ori_95c33ebf3bf541515729fbdcf63edc5a,@USER ଓଡିଆ ରେ ଏକ କଥା ଅଛି ଚୋର ର ମୁହଁ ଟାଣ,0,0,0,0,0,0,ori,[LANG=ori] @USER ଓଡିଆ ରେ ଏକ କଥା ଅଛି ଚୋର ର ମୁହଁ ଟାଣ,"[-1.0115283727645874, -1.595439076423645, -3.508152723312378, -2.483052968978882, -3.272921085357666, -2.6887433528900146]"
ori_41684490f1d1a3689c5180704c967765,"ଜାତି , ଧର୍ମ , ବର୍ଣ୍ଣ , ସ୍ଥାନ , ସମୟ ନିର୍ବିଶେଷରେ ନିରୀହ ନାଗରିକଙ୍କୁ ସୁରକ୍ଷା ଯୋଗାଇବା ସରକାରଙ୍କର କର୍ତବ୍ୟ ।",0,0,0,0,0,0,ori,"[LANG=ori] ଜାତି , ଧର୍ମ , ବର୍ଣ୍ଣ , ସ୍ଥାନ , ସମୟ ନିର୍ବିଶେଷରେ ନିରୀହ ନାଗରିକଙ୍କୁ ସୁରକ୍ଷା ଯୋଗାଇବା ସରକାରଙ୍କର କର୍ତବ୍ୟ ।","[-3.4153075218200684, -3.5538523197174072, -3.495353937149048, -3.572916269302368, -4.029334545135498, -3.615590810775757]"
ori_3fbf2047a67fc77b8fd143658952b526,ଦିଆଯାଇଥିବା ବାକ୍ୟକୁ ଅନ୍ୟ ଭାବେ ଲେଖନ୍ତୁ: ବିଜେପି ସଭାପତି ଜେପି ନାଡ୍ଡାଙ୍କ କାରକେଡ ଉପରେ ଆକ୍ରମଣ ହୋଇଥିଲା। ଉତ୍ତର: ବିଜେପି ରାଷ୍ଟ୍ରୀୟ ଅଧ୍ୟକ୍ଷ ଜେପି ନଡ୍ଡାଙ୍କ ଗାଡ଼ିକୁ ଆକ୍ରମଣ: ତୀବ୍ର ନିନ୍ଦା କଲେ ଧର୍ମେନ୍ଦ୍ର,0,0,0,0,0,0,ori,[LANG=ori] ଦିଆଯାଇଥିବା ବାକ୍ୟକୁ ଅନ୍ୟ ଭାବେ ଲେଖନ୍ତୁ: ବିଜେପି ସଭାପତି ଜେପି ନାଡ୍ଡାଙ୍କ କାରକେଡ ଉପରେ ଆକ୍ରମଣ ହୋଇଥିଲା। ଉତ୍ତର: ବିଜେପି ରାଷ୍ଟ୍ରୀୟ ଅଧ୍ୟକ୍ଷ ଜେପି ନଡ୍ଡାଙ୍କ ଗାଡ଼ିକୁ ଆକ୍ରମଣ: ତୀବ୍ର ନିନ୍ଦା କଲେ ଧର୍ମେନ୍ଦ୍ର,"[-4.174302577972412, -2.7743918895721436, -3.417032480239868, -1.8392809629440308, -3.388658046722412, -3.8121519088745117]"
ori_59fa3fbc1c4c5076da4fb45c8e92008e,ସଂସଦ ଉପରେ ଆକ୍ରମଣ କରିଥିବା ମାଷ୍ଟରମାଇଣ୍ଡ୍ ଅଫଜଲ୍ ଗୁରୁଙ୍କୁ ଫାଶୀ ଦିଆଯିବା ପରେ ବିରୋଧ କରି ଖଲିଦ ଏବଂ ଭଟ୍ଟାଚାର୍ଯ୍ୟ ଉକ୍ତ କାର୍ଯ୍ୟକ୍ରମର ଆୟୋଜନ କରିଥିଲେ ।,0,0,0,0,0,0,ori,[LANG=ori] ସଂସଦ ଉପରେ ଆକ୍ରମଣ କରିଥିବା ମାଷ୍ଟରମାଇଣ୍ଡ୍ ଅଫଜଲ୍ ଗୁରୁଙ୍କୁ ଫାଶୀ ଦିଆଯିବା ପରେ ବିରୋଧ କରି ଖଲିଦ ଏବଂ ଭଟ୍ଟାଚାର୍ଯ୍ୟ ଉକ୍ତ କାର୍ଯ୍ୟକ୍ରମର ଆୟୋଜନ କରିଥିଲେ ।,"[-1.964585304260254, -0.6187554001808167, -2.818197011947632, -0.037960316985845566, -2.1191298961639404, -2.868892192840576]"
ori_f2ce29d99dd9b134ef775d5ed141077d,ଚିତ୍ରଦୁର୍ଗର ବିଜେପି ସାଂସଦ ଜଣେ ଦଳିତ ହୋଇଥିବାରୁ ଆଜି ତାଙ୍କ ନିଜ ନିର୍ବାଚନ ମଣ୍ଡଳୀରେ ଥିବା ଏକ ମନ୍ଦିରରେ ତାଙ୍କୁ ପୂରାଇ ଦିଆଯାଇ ନାହିଁ ।,0,1,0,0,0,0,ori,[LANG=ori] ଚିତ୍ରଦୁର୍ଗର ବିଜେପି ସାଂସଦ ଜଣେ ଦଳିତ ହୋଇଥିବାରୁ ଆଜି ତାଙ୍କ ନିଜ ନିର୍ବାଚନ ମଣ୍ଡଳୀରେ ଥିବା ଏକ ମନ୍ଦିରରେ ତାଙ୍କୁ ପୂରାଇ ଦିଆଯାଇ ନାହିଁ ।,"[1.181135654449463, -0.5241702198982239, -3.8660950660705566, -0.06455371528863907, -0.8414520621299744, -1.271597981452942]"
ori_6eb13253c8b2f4413e6adc0166c122aa,ଏହି ଅଭିଯୋଗ ଉପରେ ରିପୋର୍ଟ ଦେବାକୁ କେନ୍ଦ୍ର ଆଦିବାସୀ ବ୍ୟାପାର ମନ୍ତ୍ରାଳୟ ସରକାରଙ୍କୁ ନିର୍ଦ୍ଦେଶ ଦେଇଥିଲେ ।,0,0,0,0,0,0,ori,[LANG=ori] ଏହି ଅଭିଯୋଗ ଉପରେ ରିପୋର୍ଟ ଦେବାକୁ କେନ୍ଦ୍ର ଆଦିବାସୀ ବ୍ୟାପାର ମନ୍ତ୍ରାଳୟ ସରକାରଙ୍କୁ ନିର୍ଦ୍ଦେଶ ଦେଇଥିଲେ ।,"[-3.9114625453948975, -3.0861825942993164, -3.0023555755615234, -3.16528582572937, -4.233545303344727, -3.6274526119232178]"
ori_682193b3cae304c3d1c33d8dc9e48ee3,"କୁକୁର ଙ୍କୁ ଆମେ କେବେ ବୁଝିପାରିବୁ? ଶରୀର ଭାଷା, ଅବାୟବ ଓ ଭାବନାର ରହସ୍ୟ ଉନ୍ମୋଚନ!  ମାଷ୍ଟର! ମୁଁ ତୁମକୁ ଭଲ ପାଏ! – ଆମ କୁକୁର ଏହା କହିବାକୁ ଚାହିଁଲେ ମଧ୍ୟ ମୁଁ ବୋଲି ପାରେ ନାହିଁ। କିନ୍ତୁ ବିଜ୍ଞାନ ଏବେ ପ୍ରମାଣ କରୁଛି: କୁକୁରମାନେ ମାନବୀୟ ଭାବନା ଓ ଶବ୍ଦ ୨୦୦ରୁ ଅଧିକ ବୁଝିପାରନ୍ତି! ଆସନ୍ତୁ ଜାଣିବା କିପରି ଆପଣ ଆପଣଙ୍କ ଚାରିଗୋଡ଼ିଆ ସାଥୀକୁ…",0,0,0,0,0,0,ori,"[LANG=ori] କୁକୁର ଙ୍କୁ ଆମେ କେବେ ବୁଝିପାରିବୁ? ଶରୀର ଭାଷା, ଅବାୟବ ଓ ଭାବନାର ରହସ୍ୟ ଉନ୍ମୋଚନ!  ମାଷ୍ଟର! ମୁଁ ତୁମକୁ ଭଲ ପାଏ! – ଆମ କୁକୁର ଏହା କହିବାକୁ ଚାହିଁଲେ ମଧ୍ୟ ମୁଁ ବୋଲି ପାରେ ନାହିଁ। କିନ୍ତୁ ବିଜ୍ଞାନ ଏବେ ପ୍ରମାଣ କରୁଛି: କୁକୁରମାନେ ମାନବୀୟ ଭାବନା ଓ ଶବ୍ଦ ୨୦୦ରୁ ଅଧିକ ବୁଝିପାରନ୍ତି! ଆସନ୍ତୁ ଜାଣିବା କିପରି ଆପଣ ଆପଣଙ୍କ ଚାରିଗୋଡ଼ିଆ ସାଥୀକୁ…","[-1.5778310298919678, -2.3033599853515625, -2.3662054538726807, -2.96583890914917, -2.4637396335601807, -2.803210496902466]"
ori_fe17302c6bf7e59060559c315f71a37d,ଶେଷରେ ମୋଦି ସରକାରଙ୍କ ଉପଲବ୍ଧି ଜନସାଧାରଣଙ୍କ ନିକଟରେ ପହଞ୍ଚାଇବା ପାଇଁ ଶ୍ରୀ ସେଠୀ ଓ ଉପସ୍ଥିତ ନେତୃବୃନ୍ଦ ଦଳକୁ ପରାମର୍ଶ ଦେଇଥିଲେ ।,0,0,0,0,0,0,ori,[LANG=ori] ଶେଷରେ ମୋଦି ସରକାରଙ୍କ ଉପଲବ୍ଧି ଜନସାଧାରଣଙ୍କ ନିକଟରେ ପହଞ୍ଚାଇବା ପାଇଁ ଶ୍ରୀ ସେଠୀ ଓ ଉପସ୍ଥିତ ନେତୃବୃନ୍ଦ ଦଳକୁ ପରାମର୍ଶ ଦେଇଥିଲେ ।,"[-3.501955986022949, -3.04776668548584, -3.604341983795166, -3.8436684608459473, -4.162040710449219, -3.8516335487365723]"
ori_032591c70217ee830307348adafe1768,ଆସାମର ପ୍ରସିଦ୍ଧ ଚା ବଗିଚାଗୁଡ଼ିକରେ କାମ କରି ଗୁଜୁରାଣ ମେଣ୍ଟାଇବାକୁ ଉପାର୍ଜନ କରୁଥିବା ଦରିଦ୍ର ଆଦିବାସୀ ସମ୍ପ୍ରଦାୟମାନଙ୍କ ପାଇଁ ମୂଷା ଗୋଟାଏ ମୂଲ୍ୟବାନ ଉପାର୍ଜନର ଉପାୟ ହୋଇ ପାରିଛି ।,0,0,0,0,0,0,ori,[LANG=ori] ଆସାମର ପ୍ରସିଦ୍ଧ ଚା ବଗିଚାଗୁଡ଼ିକରେ କାମ କରି ଗୁଜୁରାଣ ମେଣ୍ଟାଇବାକୁ ଉପାର୍ଜନ କରୁଥିବା ଦରିଦ୍ର ଆଦିବାସୀ ସମ୍ପ୍ରଦାୟମାନଙ୍କ ପାଇଁ ମୂଷା ଗୋଟାଏ ମୂଲ୍ୟବାନ ଉପାର୍ଜନର ଉପାୟ ହୋଇ ପାରିଛି ।,"[-2.9997313022613525, -3.4559085369110107, -3.7033495903015137, -3.9685142040252686, -4.160881996154785, -3.3195998668670654]"
ori_869ca808ded2b23946d8594d77e96fe7,"ଦ୍ୱିତୀୟ , ଏହି ସମ୍ପୂର୍ଣ୍ଣ ବ୍ୟକ୍ତିଗତ ଆଚରଣକୁ ସର୍ବଦା ନିଭୃତରେ ପାଳନ କରନ୍ତୁ , ଯେପରି ସମାଜର ସଂଖ୍ୟାଗରିଷ୍ଠ ସାଧାରଣ ବିଷମ - ଲିଙ୍ଗୀମାନେ କରିଥାନ୍ତିି ।",0,0,0,0,0,0,ori,"[LANG=ori] ଦ୍ୱିତୀୟ , ଏହି ସମ୍ପୂର୍ଣ୍ଣ ବ୍ୟକ୍ତିଗତ ଆଚରଣକୁ ସର୍ବଦା ନିଭୃତରେ ପାଳନ କରନ୍ତୁ , ଯେପରି ସମାଜର ସଂଖ୍ୟାଗରିଷ୍ଠ ସାଧାରଣ ବିଷମ - ଲିଙ୍ଗୀମାନେ କରିଥାନ୍ତିି ।","[-1.8724186420440674, -2.6700987815856934, -4.230247497558594, -3.3585660457611084, -3.3426902294158936, -3.5293736457824707]"
ori_fb37ff1f903098f4c28b2f9e910e10a5,@USER ବେକାରୀ 😂 ଆନ୍ଦୋଳନ ଜାରି ରହୁ,0,0,0,0,0,0,ori,[LANG=ori] @USER ବେକାରୀ 😂 ଆନ୍ଦୋଳନ ଜାରି ରହୁ,"[-0.2593248188495636, -1.642916202545166, -3.554330348968506, -2.453308582305908, -1.3432142734527588, -1.5931932926177979]"
ori_04650337700e783a671dbe5d4f817e41,"ବିଜେପି ବାଲାଙ୍କୁ ଆମର ଗୋଟେ ଛୋଟିଆ ପରାମର୍ଶ , ଏହାକୁ ଆଉ ଲୁଲୁସେନା ନରଖି ଧର୍ମେନ୍ଦ୍ର ସେନା କରି ଦିଅନ୍ତୁ ।",1,0,0,1,0,0,ori,"[LANG=ori] ବିଜେପି ବାଲାଙ୍କୁ ଆମର ଗୋଟେ ଛୋଟିଆ ପରାମର୍ଶ , ଏହାକୁ ଆଉ ଲୁଲୁସେନା ନରଖି ଧର୍ମେନ୍ଦ୍ର ସେନା କରି ଦିଅନ୍ତୁ ।","[0.8230589628219604, -0.7936463356018066, -3.020665168762207, -0.002650435781106353, -2.052600145339966, -0.9367006421089172]"
ori_cd478fa8aa7cb082eb7cfd6e7a50d9b3,@USER ଜମି ଆସିବା ଯିବା କିଣା ବିକା ଏହା ମନ୍ଦିର ର ଅଭ୍ୟନ୍ତର କଥାସାର୍ ମୋ ମୂଳ ପ୍ରଶ୍ନ ର ଏହା ଉତ୍ତର ନୁହେଁ,0,0,0,0,0,0,ori,[LANG=ori] @USER ଜମି ଆସିବା ଯିବା କିଣା ବିକା ଏହା ମନ୍ଦିର ର ଅଭ୍ୟନ୍ତର କଥାସାର୍ ମୋ ମୂଳ ପ୍ରଶ୍ନ ର ଏହା ଉତ୍ତର ନୁହେଁ,"[-3.2756762504577637, -3.6606178283691406, -3.5983147621154785, -3.843440532684326, -3.264573335647583, -2.088968515396118]"
ori_dd7f87d21c08870477a8c7046123f0f3,ଉଭୟ ରାଷ୍ଟ୍ରାୟତ୍ତ ପ୍ରତିଷ୍ଠାନର ଜମି ଉପଯୋଗ ସର୍ବସାଧାରଣ/ସମାଜର ସାମଗ୍ରୀକ ବିକାଶ ଲାଗି ସରକାରୀ କାର୍ଯ୍ୟ ପାଇଁ କରାଯିବ ।,0,0,0,0,0,0,ori,[LANG=ori] ଉଭୟ ରାଷ୍ଟ୍ରାୟତ୍ତ ପ୍ରତିଷ୍ଠାନର ଜମି ଉପଯୋଗ ସର୍ବସାଧାରଣ/ସମାଜର ସାମଗ୍ରୀକ ବିକାଶ ଲାଗି ସରକାରୀ କାର୍ଯ୍ୟ ପାଇଁ କରାଯିବ ।,"[-3.9326047897338867, -3.2882511615753174, -3.400742292404175, -3.8064918518066406, -3.8270630836486816, -3.4296627044677734]"
ori_27cbd3759cf59f44830792ec61a9351d,ମହାତ୍ମା ଗାନ୍ଧୀଙ୍କ ୧୫୦ ତମ ଜୟନ୍ତୀ ଅବସରରେ ଜାତିସଂଘ ମୁଖ୍ୟାଳୟରେ ଆୟୋଜିତ ଏକ ସ୍ବତନ୍ତ୍ର କାର୍ଯ୍ୟକ୍ରମରେ ମୋଦୀ ସୌର ପାର୍କ ଏବଂ ଗାନ୍ଧୀ ଶାନ୍ତି ଉଦ୍ୟାନ ଉଦ୍ଘାଟନ କରିବେ ।,0,0,0,0,0,0,ori,[LANG=ori] ମହାତ୍ମା ଗାନ୍ଧୀଙ୍କ ୧୫୦ ତମ ଜୟନ୍ତୀ ଅବସରରେ ଜାତିସଂଘ ମୁଖ୍ୟାଳୟରେ ଆୟୋଜିତ ଏକ ସ୍ବତନ୍ତ୍ର କାର୍ଯ୍ୟକ୍ରମରେ ମୋଦୀ ସୌର ପାର୍କ ଏବଂ ଗାନ୍ଧୀ ଶାନ୍ତି ଉଦ୍ୟାନ ଉଦ୍ଘାଟନ କରିବେ ।,"[-3.3352644443511963, -3.589493989944458, -3.6586174964904785, -3.766420841217041, -3.8795645236968994, -3.7581827640533447]"
ori_d094120b74f4bd11e637fec40726e2a6,"ଡିଜିଟାଲ ଡିଟକ୍ସ: ମାନସିକ ସ୍ୱାସ୍ଥ୍ୟ ପାଇଁ ୪ଟି ଟ୍ରେଣ୍ଡିଂ ଉପାୟ  ଡିଜିଟାଲ ଡିଟକ୍ସ ୨୦୨୫ରେ ଏକ ଜନପ୍ରିୟ ଜୀବନଶୈଳୀ ଟ୍ରେଣ୍ଡ, ଯାହା ମାନସିକ ସ୍ୱାସ୍ଥ୍ୟ ଓ ଉତ୍ପାଦନଶୀଳତା ବଢ଼ାଇବା ପାଇଁ ସାହାଯ୍ୟ କରେ। ଅତ୍ୟଧିକ ସ୍ମାର୍ଟଫୋନ, ସୋସିଆଲ ମିଡ଼ିଆ, ଓ ଇଣ୍ଟରନେଟ ବ୍ୟବହାର ମାନସିକ ଚାପ, ଅନିଦ୍ରା, ଓ ଚିନ୍ତା ବଢ଼ାଇପାରେ। ଏହି ଆର୍ଟିକଲରେ ଆମେ ଡିଜିଟାଲ ଡିଟକ୍ସ…",0,0,0,0,0,0,ori,"[LANG=ori] ଡିଜିଟାଲ ଡିଟକ୍ସ: ମାନସିକ ସ୍ୱାସ୍ଥ୍ୟ ପାଇଁ ୪ଟି ଟ୍ରେଣ୍ଡିଂ ଉପାୟ  ଡିଜିଟାଲ ଡିଟକ୍ସ ୨୦୨୫ରେ ଏକ ଜନପ୍ରିୟ ଜୀବନଶୈଳୀ ଟ୍ରେଣ୍ଡ, ଯାହା ମାନସିକ ସ୍ୱାସ୍ଥ୍ୟ ଓ ଉତ୍ପାଦନଶୀଳତା ବଢ଼ାଇବା ପାଇଁ ସାହାଯ୍ୟ କରେ। ଅତ୍ୟଧିକ ସ୍ମାର୍ଟଫୋନ, ସୋସିଆଲ ମିଡ଼ିଆ, ଓ ଇଣ୍ଟରନେଟ ବ୍ୟବହାର ମାନସିକ ଚାପ, ଅନିଦ୍ରା, ଓ ଚିନ୍ତା ବଢ଼ାଇପାରେ। ଏହି ଆର୍ଟିକଲରେ ଆମେ ଡିଜିଟାଲ ଡିଟକ୍ସ…","[-3.0795481204986572, -3.4877102375030518, -3.895768880844116, -3.5959057807922363, -4.007550239562988, -3.3463966846466064]"
ori_880976c0c7d403cccedc29db72325272,ଡାହାଣି ସନ୍ଦେହରେ ତୋମ୍ବାଝରୀ ଗାଁରେ ଜଣେ ମହିଳାଙ୍କୁ ହତ୍ୟା କରାଯାଇଥିବା ବୈଶିଙ୍ଗା ଥାନାରେ ଅଭିଯୋଗ ହୋଇଛି ।,0,0,0,0,0,0,ori,[LANG=ori] ଡାହାଣି ସନ୍ଦେହରେ ତୋମ୍ବାଝରୀ ଗାଁରେ ଜଣେ ମହିଳାଙ୍କୁ ହତ୍ୟା କରାଯାଇଥିବା ବୈଶିଙ୍ଗା ଥାନାରେ ଅଭିଯୋଗ ହୋଇଛି ।,"[-3.0881450176239014, -3.8791556358337402, -3.1434779167175293, -3.180274486541748, -3.650131940841675, -3.721938133239746]"
ori_3fc80f34b89caeb4385dd32a8941e8a0,ଧର୍ମଗଡ଼: ଜୁନାଗଡ଼ ସହର ନିକଟ ମେରିଆବନ୍ଦଲିରୁ ମହିଳାଙ୍କ ଅର୍ଦ୍ଧଦଗ୍ଧ ମୃତଦେହ ଉଦ୍ଧାର; ପରିଚୟ ଅସ୍ପଷ୍ଟ #Odisha,0,0,0,0,0,0,ori,[LANG=ori] ଧର୍ମଗଡ଼: ଜୁନାଗଡ଼ ସହର ନିକଟ ମେରିଆବନ୍ଦଲିରୁ ମହିଳାଙ୍କ ଅର୍ଦ୍ଧଦଗ୍ଧ ମୃତଦେହ ଉଦ୍ଧାର; ପରିଚୟ ଅସ୍ପଷ୍ଟ #Odisha,"[-2.9838366508483887, -4.445908546447754, -3.28171706199646, -3.9905307292938232, -2.810473918914795, -2.9818615913391113]"
ori_9731fdf8682482fa3d1ec3e705ef8ccd,@USER ହିଂସା ପରାୟଣ ହୋଇ କଂଗ୍ରେସ ଦିନକୁ ଦିନ ନିମ୍ନଗାମୀ ହେଉଛି,0,1,0,0,0,0,ori,[LANG=ori] @USER ହିଂସା ପରାୟଣ ହୋଇ କଂଗ୍ରେସ ଦିନକୁ ଦିନ ନିମ୍ନଗାମୀ ହେଉଛି,"[-0.17812982201576233, 1.1484029293060303, -1.7477002143859863, 1.3296245336532593, -1.3822319507598877, -3.008779287338257]"
ori_78dcbf0ed8e4da223c9a8cc26bb22001,"ଏଥିରେ ଅଯୋଗ୍ୟକୁ ଅବହେଳା କରାଯାଏ ନାହିଁ , ପାପୀକୁ ଘୃଣା କରାଯାଏ ନାହିଁ , ଜାତି - ଧର୍ମର ବାଛବିଚାର ନାହିଁ ।",0,0,0,0,0,0,ori,"[LANG=ori] ଏଥିରେ ଅଯୋଗ୍ୟକୁ ଅବହେଳା କରାଯାଏ ନାହିଁ , ପାପୀକୁ ଘୃଣା କରାଯାଏ ନାହିଁ , ଜାତି - ଧର୍ମର ବାଛବିଚାର ନାହିଁ ।","[-3.736438035964966, -3.5008432865142822, -3.28798508644104, -3.792309284210205, -3.7030019760131836, -3.5459647178649902]"
ori_64b25ba27e4a68c1d240ba2543b93dc9,"@USER ସେଇ ନିର୍ବାଚନ ମଣ୍ଡଳୀ ର ବିଧାୟକ ଙ୍କୁ ମୋର ବିନମ୍ର ଅନୁରୋଧ, ଆପଣ ରଶି ଲଗେଇ ଆତ୍ମହତ୍ୟା କରନ୍ତୁ, ସରକାର ଆପଣଙ୍କ ଶୁଦ୍ଧିକ୍ରିୟା କରିଦେବେ।",0,0,1,1,1,0,ori,"[LANG=ori] @USER ସେଇ ନିର୍ବାଚନ ମଣ୍ଡଳୀ ର ବିଧାୟକ ଙ୍କୁ ମୋର ବିନମ୍ର ଅନୁରୋଧ, ଆପଣ ରଶି ଲଗେଇ ଆତ୍ମହତ୍ୟା କରନ୍ତୁ, ସରକାର ଆପଣଙ୍କ ଶୁଦ୍ଧିକ୍ରିୟା କରିଦେବେ।","[0.41543659567832947, 0.41389188170433044, -3.988558053970337, 0.2817692458629608, 0.5320174694061279, -1.8178355693817139]"
ori_b04a05ee63495c71f0d422932efcc283,କିନ୍ତୁ ସରକାର ଏହି ଘଡିସନ୍ଧି ମୁହୂର୍ତ୍ତରେ ଗରିବଙ୍କ ଜୀବିକା ଗୃହପାଳିତ ପଶୁ ପକ୍ଷୀଙ୍କୁ ଭୁଲିଗଲେ ।,0,0,0,1,0,1,ori,[LANG=ori] କିନ୍ତୁ ସରକାର ଏହି ଘଡିସନ୍ଧି ମୁହୂର୍ତ୍ତରେ ଗରିବଙ୍କ ଜୀବିକା ଗୃହପାଳିତ ପଶୁ ପକ୍ଷୀଙ୍କୁ ଭୁଲିଗଲେ ।,"[-1.7193127870559692, -0.547163724899292, -3.0354297161102295, -0.2367282211780548, -1.7787470817565918, -3.40785551071167]"
ori_71b2a9e878cca4344ec6855a4e122b30,"ବିଂଶ ଶତାବ୍ଦୀର ସବୁଠାରୁ ବଡ଼ ଅବଦାନ ହେଲା ଅନିଶ୍ଚିତତା। କ୍ବାଣ୍ଟମ ତତ୍ତ୍ବ ଯୋଗେ ବିଜ୍ଞାନରେ ପ୍ରବେଶ କଲା ଏବଂ ମନୋବିଜ୍ଞାନ, ସମାଜଶାସ୍ତ୍ର, ଓ ଦର୍ଶନ ଆଦି କ୍ଷେତ୍ରକୁ ବ୍ଯାପିଲା। ସାହିତ୍ୟ ତ ସବୁଠାରୁ ବେଶୀ ଆକ୍ରାନ୍ତ ହେଲା। କୌଣସି ଜିନିଷକୁ ନିର୍ଦ୍ଦିଷ୍ଟ ସତ୍ଯ ଭାବରେ ଗ୍ରହଣ କରିନେଇଯିବାର ଅବକାଶ ଆଉ ରହିଲା ନାହିଁ। ପାଠକ ହିଁ ସବୁ।",0,0,0,0,0,0,ori,"[LANG=ori] ବିଂଶ ଶତାବ୍ଦୀର ସବୁଠାରୁ ବଡ଼ ଅବଦାନ ହେଲା ଅନିଶ୍ଚିତତା। କ୍ବାଣ୍ଟମ ତତ୍ତ୍ବ ଯୋଗେ ବିଜ୍ଞାନରେ ପ୍ରବେଶ କଲା ଏବଂ ମନୋବିଜ୍ଞାନ, ସମାଜଶାସ୍ତ୍ର, ଓ ଦର୍ଶନ ଆଦି କ୍ଷେତ୍ରକୁ ବ୍ଯାପିଲା। ସାହିତ୍ୟ ତ ସବୁଠାରୁ ବେଶୀ ଆକ୍ରାନ୍ତ ହେଲା। କୌଣସି ଜିନିଷକୁ ନିର୍ଦ୍ଦିଷ୍ଟ ସତ୍ଯ ଭାବରେ ଗ୍ରହଣ କରିନେଇଯିବାର ଅବକାଶ ଆଉ ରହିଲା ନାହିଁ। ପାଠକ ହିଁ ସବୁ।","[-3.1676862239837646, -4.163156032562256, -3.7130706310272217, -3.5585744380950928, -3.6259825229644775, -3.0191538333892822]"
ori_a52f494cb7c5d85b382f1ada2db3f442,ଏଯାବତ୍ ମିଳିଥିବା ସୂଚନା ଅନୁସାରେ ଧର୍ମେନ୍ଦ୍ର ପ୍ରଧାନ ମୋଦୀ କ୍ୟାବିନେଟ୍ରେ ନିଜର ସ୍ଥାନ ବଜାୟ ରଖିବାରେ ସଫଳ ହୋଇଛନ୍ତି ।,0,0,0,0,0,0,ori,[LANG=ori] ଏଯାବତ୍ ମିଳିଥିବା ସୂଚନା ଅନୁସାରେ ଧର୍ମେନ୍ଦ୍ର ପ୍ରଧାନ ମୋଦୀ କ୍ୟାବିନେଟ୍ରେ ନିଜର ସ୍ଥାନ ବଜାୟ ରଖିବାରେ ସଫଳ ହୋଇଛନ୍ତି ।,"[-2.13067364692688, -3.3852736949920654, -3.9812633991241455, -3.034740447998047, -3.9121341705322266, -3.4114511013031006]"
ori_36beaeee3f82e3a34620a07d0a87c856,@USER ଏ ସବୁ ଫଟୋ ଦେଖେଇ ଜଳେଇବା ଆବଶ୍ୟକ କି? 😑,0,0,0,0,0,0,ori,[LANG=ori] @USER ଏ ସବୁ ଫଟୋ ଦେଖେଇ ଜଳେଇବା ଆବଶ୍ୟକ କି? 😑,"[-1.9421566724777222, -1.5064982175827026, -3.3821423053741455, -0.38132140040397644, -0.10696087777614594, -1.1949928998947144]"
ori_ad797373a872ebdf265f53637d6dce3e,"ୟୁପିଏ ସରକାରରେ ଦୁର୍ନୀତି , ଅରାଜକତା ଓ ନାରୀ ନିର୍ଯାତନା ବୃଦ୍ଧି ପାଇଛି ବୋଲି ଅଭିଯୋଗ କରି ରାମରାଜ୍ୟର ପ୍ରତିଶ୍ରୁତି ଦେଇ ସରକାରକୁ ଆସିଥିଲା ବିଜେପି ।",0,1,0,1,0,0,ori,"[LANG=ori] ୟୁପିଏ ସରକାରରେ ଦୁର୍ନୀତି , ଅରାଜକତା ଓ ନାରୀ ନିର୍ଯାତନା ବୃଦ୍ଧି ପାଇଛି ବୋଲି ଅଭିଯୋଗ କରି ରାମରାଜ୍ୟର ପ୍ରତିଶ୍ରୁତି ଦେଇ ସରକାରକୁ ଆସିଥିଲା ବିଜେପି ।","[0.060933031141757965, 1.0135077238082886, -3.209099054336548, 2.214022159576416, -2.6953065395355225, -1.626408576965332]"
ori_aef19f4b97a64302fc0c804e86edf4d6,ସମସ୍ତ ଶ୍ରମିକ ହେଉଛନ୍ତି ମାଟିଆ ସାହି ପଞ୍ଚାୟତର ବରଡ଼ାସାହି ଗ୍ରାମର ଅନୁସୂଚିତ ଜାତି ବର୍ଗର ଗୋଟିଏ ସମ୍ପ୍ରଦାୟର ।,0,0,0,0,0,0,ori,[LANG=ori] ସମସ୍ତ ଶ୍ରମିକ ହେଉଛନ୍ତି ମାଟିଆ ସାହି ପଞ୍ଚାୟତର ବରଡ଼ାସାହି ଗ୍ରାମର ଅନୁସୂଚିତ ଜାତି ବର୍ଗର ଗୋଟିଏ ସମ୍ପ୍ରଦାୟର ।,"[-3.281867027282715, -3.782749891281128, -3.3233115673065186, -3.939941883087158, -3.764976978302002, -3.5376079082489014]"
ori_bd251e1b23a06e70a3f0ef5d22e2e689,ବିଧାୟକ ବ୍ରଜକିଶୋର ପ୍ରଧାନଙ୍କ ଭୁବନେଶ୍ୱର ୟୁନିଟ୍ - ୪ ସରକାରୀ ବାସଭବନରେ ସଂପୃକ୍ତ ମହିଳା ଜଣକ ଭଂଗାରୁଜା କରିଥିବା ଅଭିଯୋଗ ହୋଇଛି ।,0,0,0,0,0,0,ori,[LANG=ori] ବିଧାୟକ ବ୍ରଜକିଶୋର ପ୍ରଧାନଙ୍କ ଭୁବନେଶ୍ୱର ୟୁନିଟ୍ - ୪ ସରକାରୀ ବାସଭବନରେ ସଂପୃକ୍ତ ମହିଳା ଜଣକ ଭଂଗାରୁଜା କରିଥିବା ଅଭିଯୋଗ ହୋଇଛି ।,"[-3.666567325592041, -3.719090461730957, -3.148081064224243, -3.550560474395752, -3.6337547302246094, -3.9917871952056885]"
ori_e79880dd434471c092423c977fe9aefa,@USER @USER @USER ଭାରତୀୟ ହେବା ଗର୍ବ ର ବିଷୟ,0,0,0,0,0,0,ori,[LANG=ori] @USER @USER @USER ଭାରତୀୟ ହେବା ଗର୍ବ ର ବିଷୟ,"[-2.506284475326538, -3.5053701400756836, -4.134525299072266, -3.0744762420654297, -3.7910282611846924, -2.56623911857605]"
ori_3e56f08d9cd3373e88ac81fe788472cb,ପ୍ରକାଶ ଥାଉକି ଇସ୍ତହାର କମିଟିର ଅଧ୍ୟକ୍ଷ ଶ୍ରୀ ଗଣେଶ୍ୱର ବେହେରା ପୂର୍ବରୁ ଜନସାଧାରଣଙ୍କ ବହୁମୂଲ୍ୟ ପରାମର୍ଶ ଓଡ଼ିଶା ପ୍ରଦେଶ କଂଗ୍ରେସ କମିଟି କାର୍ଯ୍ୟାଳୟ ଠିକଣାରେ ପଠାଇବା ପାଇଁ ଅନୁରୋଧ କରିଥିଲେ ।,0,0,0,0,0,0,ori,[LANG=ori] ପ୍ରକାଶ ଥାଉକି ଇସ୍ତହାର କମିଟିର ଅଧ୍ୟକ୍ଷ ଶ୍ରୀ ଗଣେଶ୍ୱର ବେହେରା ପୂର୍ବରୁ ଜନସାଧାରଣଙ୍କ ବହୁମୂଲ୍ୟ ପରାମର୍ଶ ଓଡ଼ିଶା ପ୍ରଦେଶ କଂଗ୍ରେସ କମିଟି କାର୍ଯ୍ୟାଳୟ ଠିକଣାରେ ପଠାଇବା ପାଇଁ ଅନୁରୋଧ କରିଥିଲେ ।,"[-3.8099653720855713, -3.3475308418273926, -3.1651012897491455, -3.5566518306732178, -3.988325834274292, -4.042963027954102]"
ori_ec92881ad04306af303761c4b6561281,"ଡାକ୍ତର କହୁଛନ୍ତି: ଏହି ୭ ଅଭ୍ୟାସ ବନ୍ଦ କରିଦିଅନ୍ତୁ, ନଚେତ୍ ହାର୍ଟ ଆଟାକ୍‌ ନିଶ୍ଚିତ! ❤️‍🔥  ମାରାତ୍ମକ ସତ୍ୟ: ଭାରତରେ ପ୍ରତି ୩୩ ସେକେଣ୍ଡରେ ୧ ଜଣ ହାର୍ଟ ଆଟାକ୍ରେ ମୃତ୍ୟୁବରଣ କରନ୍ତି! ହୃଦୟ ଆମ ଶରୀରର ଇଞ୍ଜିନ୍, କିନ୍ତୁ ୬୦% ହାର୍ଟ ଆଟାକ୍ କୌଣସି ପୂର୍ବସୂଚନା ବିନା ଆକ୍ରମଣ କରେ। ଜାଣନ୍ତୁ କିପରି ରହିବେ ସଜାଗ: ୫ ଭୟଙ୍କର ଲକ୍ଷଣ: ଡାକ୍ତରଙ୍କ ପାଖକୁ…",0,0,0,0,0,0,ori,"[LANG=ori] ଡାକ୍ତର କହୁଛନ୍ତି: ଏହି ୭ ଅଭ୍ୟାସ ବନ୍ଦ କରିଦିଅନ୍ତୁ, ନଚେତ୍ ହାର୍ଟ ଆଟାକ୍‌ ନିଶ୍ଚିତ! ❤️‍🔥  ମାରାତ୍ମକ ସତ୍ୟ: ଭାରତରେ ପ୍ରତି ୩୩ ସେକେଣ୍ଡରେ ୧ ଜଣ ହାର୍ଟ ଆଟାକ୍ରେ ମୃତ୍ୟୁବରଣ କରନ୍ତି! ହୃଦୟ ଆମ ଶରୀରର ଇଞ୍ଜିନ୍, କିନ୍ତୁ ୬୦% ହାର୍ଟ ଆଟାକ୍ କୌଣସି ପୂର୍ବସୂଚନା ବିନା ଆକ୍ରମଣ କରେ। ଜାଣନ୍ତୁ କିପରି ରହିବେ ସଜାଗ: ୫ ଭୟଙ୍କର ଲକ୍ଷଣ: ଡାକ୍ତରଙ୍କ ପାଖକୁ…","[-3.0796639919281006, -3.0647993087768555, -4.5840301513671875, -3.2184433937072754, -3.6127376556396484, -3.3477957248687744]"
ori_92926f10631bf0e1259af8bcfd0a0a4f,ତେବେ ସରକାର କହିଛନ୍ତି ଯେ ଏହି ବିଲ ମୁସଲିମ ମହିଳାମାନଙ୍କୁ ଲିଙ୍ଗଗତ ସମାନତା ଓ ନ୍ୟାୟ ପ୍ରଦାନ କରିବ ।,0,0,0,0,0,0,ori,[LANG=ori] ତେବେ ସରକାର କହିଛନ୍ତି ଯେ ଏହି ବିଲ ମୁସଲିମ ମହିଳାମାନଙ୍କୁ ଲିଙ୍ଗଗତ ସମାନତା ଓ ନ୍ୟାୟ ପ୍ରଦାନ କରିବ ।,"[-2.4742233753204346, -2.8995463848114014, -3.706554651260376, -2.523695707321167, -3.6507766246795654, -2.9357869625091553]"
ori_5a81435d28f4e63b9e6f64f7f9c88682,ଯାଜପୁର ଜିଲ୍ଳାର ଧର୍ମଶାଳା ନିର୍ବାଚନ ମଣ୍ଡଳୀର ବିଧାୟକ ପ୍ରଣବ ବଳବନ୍ତରାୟ ସରକାରୀ ଦଳ ଉପ ମୁଖ୍ୟ ସଚେତକ ଭାବେ ନିଯୁକ୍ତ ହୋଇଛନ୍ତି ବୋଲି ଦଳର ସାଧାରଣ ସଂପାଦକ ବିଜୟ କୁମାର ନାୟକ ଜଣାଇଛନ୍ତି ।,0,0,0,0,0,0,ori,[LANG=ori] ଯାଜପୁର ଜିଲ୍ଳାର ଧର୍ମଶାଳା ନିର୍ବାଚନ ମଣ୍ଡଳୀର ବିଧାୟକ ପ୍ରଣବ ବଳବନ୍ତରାୟ ସରକାରୀ ଦଳ ଉପ ମୁଖ୍ୟ ସଚେତକ ଭାବେ ନିଯୁକ୍ତ ହୋଇଛନ୍ତି ବୋଲି ଦଳର ସାଧାରଣ ସଂପାଦକ ବିଜୟ କୁମାର ନାୟକ ଜଣାଇଛନ୍ତି ।,"[-3.5731260776519775, -3.8711154460906982, -3.3601882457733154, -3.7291204929351807, -3.836793899536133, -3.5433831214904785]"
ori_b82b057d76a3914f3433503e251fddb8,"ନାନା ଧର୍ମ, ନାନା ଜାତି, ଭାଷା, ସଂସ୍କୃତି ଓ ଆଦର୍ଶକୁ କୋଳେଇ ନେଇଥିବା ଭାରତ ଏକ ବିବିଧତାର ଦେଶ।",0,0,0,0,0,0,ori,"[LANG=ori] ନାନା ଧର୍ମ, ନାନା ଜାତି, ଭାଷା, ସଂସ୍କୃତି ଓ ଆଦର୍ଶକୁ କୋଳେଇ ନେଇଥିବା ଭାରତ ଏକ ବିବିଧତାର ଦେଶ।","[-3.588693380355835, -3.4475650787353516, -3.4910261631011963, -3.8235180377960205, -3.9351630210876465, -3.1250312328338623]"
ori_c7a25cd38c821b82450b7d3a6be8dc1d,"@USER ସବୁ ପାଣ୍ଠି ଖାଲି ,,, ପ୍ରଚାର ,, ଆଉ ନବୀନ ମୁହଁ ଥିବା ହୋଡ଼ିଂ ପାଇଁ ,,",0,0,0,1,0,0,ori,"[LANG=ori] @USER ସବୁ ପାଣ୍ଠି ଖାଲି ,,, ପ୍ରଚାର ,, ଆଉ ନବୀନ ମୁହଁ ଥିବା ହୋଡ଼ିଂ ପାଇଁ ,,","[0.17699241638183594, 0.329689085483551, -2.3526246547698975, -0.33818045258522034, -2.7732205390930176, -2.3775978088378906]"
ori_9c019c5952a89d198b8a8798037849ea,@USER ତମେ ସବୁ ନେପାଳ ପଳାଅ ନୂଆ ଦେଶ ପାଇଯିବ।,0,1,0,0,0,0,ori,[LANG=ori] @USER ତମେ ସବୁ ନେପାଳ ପଳାଅ ନୂଆ ଦେଶ ପାଇଯିବ।,"[-1.2182382345199585, -1.1094834804534912, -3.7543158531188965, -0.4121253490447998, -3.3752760887145996, -1.3328059911727905]"
ori_806d75d590a738500c985d3148409cb3,ବିଜେଡ଼ି ତେଲ ବାହାନାରେ ଧର୍ମେନ୍ଦ୍ର ପ୍ରଧାନଙ୍କ ଉପରେ କେବଳ ରାଜନୈତିକ ଆକ୍ରମଣର ଯୋଜନାରେ କାମ କରୁଛି ବୋଲି ବିଜେପି ରାଜ୍ୟ ମୁଖପାତ୍ର ଗୋଲକ ମହାପାତ୍ର ଏକ ସାମ୍ବାଦିକ ସମ୍ମିଳନୀରେ କହିଛନ୍ତି ।,0,0,0,1,0,0,ori,[LANG=ori] ବିଜେଡ଼ି ତେଲ ବାହାନାରେ ଧର୍ମେନ୍ଦ୍ର ପ୍ରଧାନଙ୍କ ଉପରେ କେବଳ ରାଜନୈତିକ ଆକ୍ରମଣର ଯୋଜନାରେ କାମ କରୁଛି ବୋଲି ବିଜେପି ରାଜ୍ୟ ମୁଖପାତ୍ର ଗୋଲକ ମହାପାତ୍ର ଏକ ସାମ୍ବାଦିକ ସମ୍ମିଳନୀରେ କହିଛନ୍ତି ।,"[-0.21165089309215546, 1.136521339416504, -2.997163772583008, 1.6798385381698608, -2.4007232189178467, -2.976050853729248]"
ori_3ce821855c43a07b895ed3d501700de3,"@USER @USER @USER ଜହ୍ନ, ମଙ୍ଗଳ, ପୃଥିବୀ, ପ୍ଲୁଟୋ , ବୁଧସବୁ ଗୋଲ",0,0,0,0,0,0,ori,"[LANG=ori] @USER @USER @USER ଜହ୍ନ, ମଙ୍ଗଳ, ପୃଥିବୀ, ପ୍ଲୁଟୋ , ବୁଧସବୁ ଗୋଲ","[-0.2849881052970886, -1.0959147214889526, -1.3899610042572021, -1.0678843259811401, -2.718024492263794, -1.2454347610473633]"
ori_8e9527b96cca50cb6018015f2f41f9c2,ଧର୍ମେନ୍ଦ୍ର ପ୍ରଧାନ ପଡ଼ୋଶୀ ରାଜ୍ୟ ମାଧ୍ୟମରେ ସଂସଦକୁ ଯାଇ ଏହି ବିଭାଗର କେନ୍ଦ୍ରମନ୍ତ୍ରୀ ହୋଇଛନ୍ତି ।,0,0,0,0,0,0,ori,[LANG=ori] ଧର୍ମେନ୍ଦ୍ର ପ୍ରଧାନ ପଡ଼ୋଶୀ ରାଜ୍ୟ ମାଧ୍ୟମରେ ସଂସଦକୁ ଯାଇ ଏହି ବିଭାଗର କେନ୍ଦ୍ରମନ୍ତ୍ରୀ ହୋଇଛନ୍ତି ।,"[-3.3830134868621826, -3.1560018062591553, -3.1604225635528564, -3.5551929473876953, -4.496755599975586, -3.012159585952759]"
ori_9fadc4c832c218f622da6269dbf61600,ଏହି ପ୍ରସଙ୍ଗରେ ରାଜ୍ୟର ସମର୍ଥନରେ କାହିଁକି ବିଜେପି ବାହାରୁ ନାହିଁ ତାହାର ଉତ୍ତର ଧର୍ମେନ୍ଦ୍ର ଦିଅନ୍ତୁ ।,0,0,0,0,0,1,ori,[LANG=ori] ଏହି ପ୍ରସଙ୍ଗରେ ରାଜ୍ୟର ସମର୍ଥନରେ କାହିଁକି ବିଜେପି ବାହାରୁ ନାହିଁ ତାହାର ଉତ୍ତର ଧର୍ମେନ୍ଦ୍ର ଦିଅନ୍ତୁ ।,"[-1.0048191547393799, -2.4990108013153076, -3.5942485332489014, -1.5514192581176758, -2.975095510482788, -1.966019630432129]"
ori_bf751f6d7b1d9c70ca679a7e4deb441b,"ମହାରାଜଙ୍କ ବିଚାରଧାରାର ପ୍ରଭାବରେ ହିଁ ଆଜି ଅଗ୍ରୱାଲା ସମାଜ ଶାକାହାରୀ , ଅଂହିସା ବାଦୀ ଏବଂ ଧର୍ମ ପରାୟଣ ଜାତି ରୁପେ ପ୍ରତିଷ୍ଠା ଲାଭ କରିଛି ।",0,0,0,0,0,0,ori,"[LANG=ori] ମହାରାଜଙ୍କ ବିଚାରଧାରାର ପ୍ରଭାବରେ ହିଁ ଆଜି ଅଗ୍ରୱାଲା ସମାଜ ଶାକାହାରୀ , ଅଂହିସା ବାଦୀ ଏବଂ ଧର୍ମ ପରାୟଣ ଜାତି ରୁପେ ପ୍ରତିଷ୍ଠା ଲାଭ କରିଛି ।","[-1.0470527410507202, -3.1514856815338135, -3.8775076866149902, -2.260596990585327, -3.963057518005371, -3.284696340560913]"
ori_4ea82fee5b75a2d91bcbd1448b2d4921,"ଦଳର ସାଧାରଣ ସମ୍ପାଦକ ( ଗଣମାଧ୍ୟମ ବ୍ୟାପାର ) ମାନସ ମଙ୍ଗରାଜ ଏକ ପ୍ରେସ ଇସ୍ତାହାରରେ ଜଣାଇଛନ୍ତି , ଭାରତୀୟ ଜନତା ପାର୍ଟି ଭଳି କଂଗ୍ରେସ ମିଥ୍ୟା ପ୍ରତିଶ୍ରୁତି ଦେବାକୁ ଭୁଲିନାହିଁ ।",0,1,0,1,0,0,ori,"[LANG=ori] ଦଳର ସାଧାରଣ ସମ୍ପାଦକ ( ଗଣମାଧ୍ୟମ ବ୍ୟାପାର ) ମାନସ ମଙ୍ଗରାଜ ଏକ ପ୍ରେସ ଇସ୍ତାହାରରେ ଜଣାଇଛନ୍ତି , ଭାରତୀୟ ଜନତା ପାର୍ଟି ଭଳି କଂଗ୍ରେସ ମିଥ୍ୟା ପ୍ରତିଶ୍ରୁତି ଦେବାକୁ ଭୁଲିନାହିଁ ।","[-1.0128679275512695, 0.9303284287452698, -2.5080678462982178, 1.4128830432891846, -2.4458673000335693, -3.709892988204956]"
ori_0fc91b55cd11b2f2a0a3b8a27545a55f,"ଅସତ୍ୟ ଆଗରେ ସତ୍ୟ ର , ଅଧର୍ମ ଆଗରେ ଧର୍ମ ର ବିଜୟ ପାଇଁ ଓ ସଂସାର ରୁ ଦାନବ ପ୍ରକୃତି କୁ ବିନାଶ କରିବା ପାଇଁ ମାଁ ଙ୍କ ଆଗମନ ।",0,0,0,0,0,0,ori,"[LANG=ori] ଅସତ୍ୟ ଆଗରେ ସତ୍ୟ ର , ଅଧର୍ମ ଆଗରେ ଧର୍ମ ର ବିଜୟ ପାଇଁ ଓ ସଂସାର ରୁ ଦାନବ ପ୍ରକୃତି କୁ ବିନାଶ କରିବା ପାଇଁ ମାଁ ଙ୍କ ଆଗମନ ।","[-2.9330267906188965, -3.6107125282287598, -3.8180248737335205, -2.99354887008667, -3.6669187545776367, -3.3380980491638184]"
ori_7ab7ff390b7abfa2defa40e0df93c8b2,"ବ୍ୟାଙ୍କରେ ନଗଦ ଜମା କଲେ ଆୟକର ନୋଟିସ୍ ଆସିପାରେ! 😱 ଜାଣନ୍ତୁ କେତେ ଟଙ୍କା ଜମା କଲେ ହେବ ଖତରା  ଯେତେବେଳେ ବଡ଼ ରାଶି ନଗଦ ବ୍ୟାଙ୍କରେ ଜମା କରିବେ? ଜାଣନ୍ତୁ ଆୟକର ନିୟମ ଓ ସତର୍କତା!ସମ୍ପତ୍ତି କାରବାର, ବିବାହ, ବ୍ୟବସାୟ କିମ୍ବା ଜରୁରୀକାଳୀନ ଅବସ୍ଥାରେ ଯଦି ଆପଣ ଏକ ବଡ଼ ପରିମାଣର ନଗଦ ପାଇଛନ୍ତି, ତେବେ ଏହାକୁ ସିଧାସଳଖ ବ୍ୟାଙ୍କରେ ଜମା କରିପାରିବେ –…",0,0,0,0,0,0,ori,"[LANG=ori] ବ୍ୟାଙ୍କରେ ନଗଦ ଜମା କଲେ ଆୟକର ନୋଟିସ୍ ଆସିପାରେ! 😱 ଜାଣନ୍ତୁ କେତେ ଟଙ୍କା ଜମା କଲେ ହେବ ଖତରା  ଯେତେବେଳେ ବଡ଼ ରାଶି ନଗଦ ବ୍ୟାଙ୍କରେ ଜମା କରିବେ? ଜାଣନ୍ତୁ ଆୟକର ନିୟମ ଓ ସତର୍କତା!ସମ୍ପତ୍ତି କାରବାର, ବିବାହ, ବ୍ୟବସାୟ କିମ୍ବା ଜରୁରୀକାଳୀନ ଅବସ୍ଥାରେ ଯଦି ଆପଣ ଏକ ବଡ଼ ପରିମାଣର ନଗଦ ପାଇଛନ୍ତି, ତେବେ ଏହାକୁ ସିଧାସଳଖ ବ୍ୟାଙ୍କରେ ଜମା କରିପାରିବେ –…","[-3.1180260181427, -3.609410047531128, -3.8286616802215576, -3.962050676345825, -3.7655868530273438, -3.325228452682495]"
ori_b17dd067c3ede92ea6c39b5243ecd3c4,ଗଜପତି ଓ ଗଞ୍ଜାମର ପ୍ରଭାବିତ ଅଞ୍ଚଳ ବୁଲି ଫେରିବା ପରେ ଧର୍ମେନ୍ଦ୍ର ଫେସ୍ବୁକ୍ରେ ଏକ ଭିଡିଓ ଜରିଆରେ ସରକାରଙ୍କ ବିଫଳତାର ଫର୍ଦ୍ଦ ଖୋଲିଛନ୍ତି ।,0,0,0,0,0,0,ori,[LANG=ori] ଗଜପତି ଓ ଗଞ୍ଜାମର ପ୍ରଭାବିତ ଅଞ୍ଚଳ ବୁଲି ଫେରିବା ପରେ ଧର୍ମେନ୍ଦ୍ର ଫେସ୍ବୁକ୍ରେ ଏକ ଭିଡିଓ ଜରିଆରେ ସରକାରଙ୍କ ବିଫଳତାର ଫର୍ଦ୍ଦ ଖୋଲିଛନ୍ତି ।,"[-3.4645726680755615, -2.986611843109131, -3.7747018337249756, -3.745915174484253, -4.15649938583374, -3.721351146697998]"
ori_ccff43546864709949517a00ccedfc66,ନବୀନଙ୍କୁ ଦେଖିବା ମାତ୍ରେ ଧର୍ମେନ୍ଦ୍ର ନମସ୍କାର ଜଣାଇଥିଲେ ଓ ନବୀନ ମଧ୍ୟ ସ୍ମିତହାସ୍ୟ ଦେଇ କରମର୍ଦ୍ଦନ କରିଥିଲେ ।,0,0,0,0,0,0,ori,[LANG=ori] ନବୀନଙ୍କୁ ଦେଖିବା ମାତ୍ରେ ଧର୍ମେନ୍ଦ୍ର ନମସ୍କାର ଜଣାଇଥିଲେ ଓ ନବୀନ ମଧ୍ୟ ସ୍ମିତହାସ୍ୟ ଦେଇ କରମର୍ଦ୍ଦନ କରିଥିଲେ ।,"[-2.8762333393096924, -2.0494186878204346, -3.019834041595459, -3.469001054763794, -4.299376964569092, -3.8425142765045166]"
ori_b88d2268ce5cfe42e5af0896c41576ad,"ଜାତି , ଧର୍ମ , ବର୍ଣ୍ଣ ନିର୍ବିଶେଷରେ ସମସ୍ତ ଜନ ସାଧାରଣ ପରଷ୍ପର ସ୍ନେହପୂର୍ଣ୍ଣ ଭାବେ ଉତ୍ସବରେ ଯୋଗ ଦେଇ ରଙ୍ଗ ଖେଳିଥିଲେ ।",0,0,0,0,0,0,ori,"[LANG=ori] ଜାତି , ଧର୍ମ , ବର୍ଣ୍ଣ ନିର୍ବିଶେଷରେ ସମସ୍ତ ଜନ ସାଧାରଣ ପରଷ୍ପର ସ୍ନେହପୂର୍ଣ୍ଣ ଭାବେ ଉତ୍ସବରେ ଯୋଗ ଦେଇ ରଙ୍ଗ ଖେଳିଥିଲେ ।","[-3.5576231479644775, -3.333601236343384, -3.44014573097229, -3.8843319416046143, -3.8028151988983154, -3.8822643756866455]"
ori_31c736574e0e61871c6ade47ab077364,@USER ଅନ୍ଧ ଭକ୍ତ ପୁଣି ସ୍ମରଣ କଲେ ମତେ ବାଧ୍ୟ ହେଇ ବିସ୍କୁଟ ଦେବାକୁ ଆସିଲି,1,1,0,0,0,0,ori,[LANG=ori] @USER ଅନ୍ଧ ଭକ୍ତ ପୁଣି ସ୍ମରଣ କଲେ ମତେ ବାଧ୍ୟ ହେଇ ବିସ୍କୁଟ ଦେବାକୁ ଆସିଲି,"[-0.06048664078116417, 0.3664298951625824, -2.289900541305542, 0.5648477077484131, -0.7829762697219849, -1.3783990144729614]"
ori_01b2d74309ed10c6f8af5be13df3cb56,"@USER @USER ଠିକ୍ ୨୨ବର୍ଷ ପୂର୍ବରୁ କଂଗ୍ରେସ ଶାସନ ସମୟରେ ଏଇଭଳି ଦେଖିବାକୁ ମିଳୁଥିଲା, ଶାସକ ଦଳର ହାରିବା ଭୟରେ ଏଇ ରାସ୍ତାରେ ଚାଲିଲା.......",0,0,0,0,0,1,ori,"[LANG=ori] @USER @USER ଠିକ୍ ୨୨ବର୍ଷ ପୂର୍ବରୁ କଂଗ୍ରେସ ଶାସନ ସମୟରେ ଏଇଭଳି ଦେଖିବାକୁ ମିଳୁଥିଲା, ଶାସକ ଦଳର ହାରିବା ଭୟରେ ଏଇ ରାସ୍ତାରେ ଚାଲିଲା.......","[-1.224269151687622, -1.5438320636749268, -3.3159854412078857, -1.9202131032943726, -2.5577425956726074, -4.2209625244140625]"
ori_40398deae8d2936d7f2c5f04a1d6deb8,ଓଡ଼ିଶାର ଅନେକ ମାଆଙ୍କ ମନ୍ଦିର ଭିତରୁ ନେତ୍ରକ୍ଷେତ୍ର ମାଆ ଦିଗବାରୁଣୀଙ୍କ ପୀଠ ଅନ୍ୟତମ. ଏଠି ଆହୁରି ଗୋଟେ ଆଶ୍ଚର୍ଯ୍ୟ କଥା ହେଲା ମାଆଙ୍କ ପାଖରେ ଜାଗରରେ ମହାଦୀପ ଉଠାଯାଏ. ମାଆଙ୍କ ବିଷୟରେ ଆହୁରି ଅଧିକ ଜାଣିବାପାଇଁ ଆପଣ ଯୋଗାଯୋଗ କରିପାରିବେ - ମୁଖ୍ୟ ସେବାୟତ ବୈକୁଣ୍ଠ ନନା -9437798558 ଏବଂ ରୁଦ୍ର ନନା -  8249501060,0,0,0,0,0,0,ori,[LANG=ori] ଓଡ଼ିଶାର ଅନେକ ମାଆଙ୍କ ମନ୍ଦିର ଭିତରୁ ନେତ୍ରକ୍ଷେତ୍ର ମାଆ ଦିଗବାରୁଣୀଙ୍କ ପୀଠ ଅନ୍ୟତମ. ଏଠି ଆହୁରି ଗୋଟେ ଆଶ୍ଚର୍ଯ୍ୟ କଥା ହେଲା ମାଆଙ୍କ ପାଖରେ ଜାଗରରେ ମହାଦୀପ ଉଠାଯାଏ. ମାଆଙ୍କ ବିଷୟରେ ଆହୁରି ଅଧିକ ଜାଣିବାପାଇଁ ଆପଣ ଯୋଗାଯୋଗ କରିପାରିବେ - ମୁଖ୍ୟ ସେବାୟତ ବୈକୁଣ୍ଠ ନନା -9437798558 ଏବଂ ରୁଦ୍ର ନନା -  8249501060,"[-3.0608017444610596, -3.168243885040283, -3.9181125164031982, -3.1819422245025635, -3.8227317333221436, -3.3870458602905273]"
ori_c6a4555bada5062e05c11e0fc18ed66e,ଯଦ୍ୱାରା ଧର୍ମ ନାମରେ ରାଜନୀତି କରାଯାଇ ପାରିବ ନାହିଁ ।,0,0,0,0,0,0,ori,[LANG=ori] ଯଦ୍ୱାରା ଧର୍ମ ନାମରେ ରାଜନୀତି କରାଯାଇ ପାରିବ ନାହିଁ ।,"[-3.3303632736206055, -3.506270408630371, -3.6980044841766357, -2.6305363178253174, -3.5603322982788086, -2.558777332305908]"
ori_148b170c6af40de47cd9142d85a4a80b,"ଅଖିଲେଶ କହିଛନ୍ତି ଯେ , ୨୦୧୯ ସାଧାରଣ ନିର୍ବାଚନରେ କଂଗ୍ରେସ ସହ ସମାଜବାଦୀ ପାର୍ଟିର କୌଣସି ମେଣ୍ଟ ହେବ ନାହିଁ ।",0,0,0,0,0,0,ori,"[LANG=ori] ଅଖିଲେଶ କହିଛନ୍ତି ଯେ , ୨୦୧୯ ସାଧାରଣ ନିର୍ବାଚନରେ କଂଗ୍ରେସ ସହ ସମାଜବାଦୀ ପାର୍ଟିର କୌଣସି ମେଣ୍ଟ ହେବ ନାହିଁ ।","[-3.9414031505584717, -2.4882445335388184, -3.360748529434204, -2.5600624084472656, -4.101004123687744, -3.1254420280456543]"
ori_a68f9d7e97a99c1e248951ff9f749219,ବୈଦ୍ୟୁତିକ ମାଧ୍ୟମରେ ସରକାର ବ୍ୟାଙ୍କ୍ ଆକାଉଣ୍ଟ୍ ସବୁକୁ ୧୨ ଶହ କୋଟି ଡଲାର୍ ପଠାଇଥିବା ଘଟଣା ହେଉଛି ସାମ୍ପ୍ରତିକ ବିଶ୍ୱରେ ସବୁଠୁ ବଡ଼ ନଗଦ ଅର୍ଥ ସ୍ଥାନାନ୍ତର ପ୍ରଣାଳୀ ।,0,0,0,0,0,0,ori,[LANG=ori] ବୈଦ୍ୟୁତିକ ମାଧ୍ୟମରେ ସରକାର ବ୍ୟାଙ୍କ୍ ଆକାଉଣ୍ଟ୍ ସବୁକୁ ୧୨ ଶହ କୋଟି ଡଲାର୍ ପଠାଇଥିବା ଘଟଣା ହେଉଛି ସାମ୍ପ୍ରତିକ ବିଶ୍ୱରେ ସବୁଠୁ ବଡ଼ ନଗଦ ଅର୍ଥ ସ୍ଥାନାନ୍ତର ପ୍ରଣାଳୀ ।,"[-3.191037178039551, -3.4242732524871826, -3.520076036453247, -3.816776752471924, -4.082776069641113, -3.5607664585113525]"
ori_a7c2639a123f8c47d0cb92adbba76add,ବରୀ ନିର୍ବାଚନ ମଣ୍ଡଳୀର ୨୮ ନମ୍ବର ବୁଥରେ ବିଜେପି ଏଜେଣ୍ଟଙ୍କୁ ମାଡ଼ ମାରିବା ସହ ମରଣାନ୍ତକ ଆକ୍ରମଣ କରି ବୁଥ ବାହାରକୁ ପଠାଇ ବିଜେଡି ଗୁଣ୍ଡାମାନଙ୍କ ଦ୍ୱାରା ବୁଥ କ୍ୟାପଚରିଙ୍ଗ କରାଯାଇଛି ।,0,0,0,0,0,0,ori,[LANG=ori] ବରୀ ନିର୍ବାଚନ ମଣ୍ଡଳୀର ୨୮ ନମ୍ବର ବୁଥରେ ବିଜେପି ଏଜେଣ୍ଟଙ୍କୁ ମାଡ଼ ମାରିବା ସହ ମରଣାନ୍ତକ ଆକ୍ରମଣ କରି ବୁଥ ବାହାରକୁ ପଠାଇ ବିଜେଡି ଗୁଣ୍ଡାମାନଙ୍କ ଦ୍ୱାରା ବୁଥ କ୍ୟାପଚରିଙ୍ଗ କରାଯାଇଛି ।,"[-1.3413654565811157, -1.8673220872879028, -2.4278225898742676, -1.285794973373413, -3.7376632690429688, -3.3915464878082275]"
ori_470be46c6f7c633071796f8e2e08e4c6,ରକ୍ଷଣଶୀଳ ମୁସଲମାନ ସମାଜ ମଧ୍ୟ କିନ୍ନର ସମ୍ପ୍ରଦାୟ ସକାଶ ନିର୍ମିତ ସ୍କୁଲ୍ ପାଇଁ ସକାରାତ୍କମ ସମର୍ଥ ଜଣାଇଛି ।,0,0,0,0,0,0,ori,[LANG=ori] ରକ୍ଷଣଶୀଳ ମୁସଲମାନ ସମାଜ ମଧ୍ୟ କିନ୍ନର ସମ୍ପ୍ରଦାୟ ସକାଶ ନିର୍ମିତ ସ୍କୁଲ୍ ପାଇଁ ସକାରାତ୍କମ ସମର୍ଥ ଜଣାଇଛି ।,"[-2.239983558654785, -3.054597854614258, -4.046390533447266, -2.8101916313171387, -3.536167860031128, -3.785609722137451]"
ori_1c8dff4c1520a305767ee0b93d24cd1c,ଏହା ହିନ୍ଦୁ ସଂସ୍କୃତିର ଏକ ଅଂଶବିଶେଷ ହୋଇନଥିବାରୁ ରାଜ୍ୟର କୌଣସି ବି ମନ୍ଦିରରେ ନୂଆବର୍ଷ ଉତ୍ସବ ପାଳନ ହେବନି ବୋଲି ଆନ୍ଧ୍ରପ୍ରଦେଶ ସରକାର ଏକ ବିଜ୍ଞପ୍ତି ଜାରି କରିଛନ୍ତି ।,0,0,0,0,0,0,ori,[LANG=ori] ଏହା ହିନ୍ଦୁ ସଂସ୍କୃତିର ଏକ ଅଂଶବିଶେଷ ହୋଇନଥିବାରୁ ରାଜ୍ୟର କୌଣସି ବି ମନ୍ଦିରରେ ନୂଆବର୍ଷ ଉତ୍ସବ ପାଳନ ହେବନି ବୋଲି ଆନ୍ଧ୍ରପ୍ରଦେଶ ସରକାର ଏକ ବିଜ୍ଞପ୍ତି ଜାରି କରିଛନ୍ତି ।,"[-2.946201801300049, -3.8017995357513428, -3.197430372238159, -3.256446361541748, -2.2779107093811035, -0.2976597547531128]"
ori_a61cd55b8ab125009a782e4f84b72925,@USER ସରକାର ଙ୍କ ଠାରୁ ଆଶା କରିବା ଭୁଲ,0,0,0,0,0,1,ori,[LANG=ori] @USER ସରକାର ଙ୍କ ଠାରୁ ଆଶା କରିବା ଭୁଲ,"[0.9543843865394592, -1.5876790285110474, -5.310654163360596, -0.008240114897489548, -1.6513988971710205, 0.09648388624191284]"
ori_fc8a58e4cb1d262c8134f36804f6e641,"କଂଗ୍ରେସ ନେତା ଗଣେଶ୍ୱର ବେହେରା କହିଛନ୍ତି ଯେ , ଜଣେ ବରିଷ୍ଠ ପୋଲିସ କର୍ମଚାରୀ ସାଧାରଣ ଲୋକଙ୍କ ଉପରେ ଏପରି କରିବା ଅତ୍ୟନ୍ତ ଅମାନବୀୟ ।",0,0,1,1,0,0,ori,"[LANG=ori] କଂଗ୍ରେସ ନେତା ଗଣେଶ୍ୱର ବେହେରା କହିଛନ୍ତି ଯେ , ଜଣେ ବରିଷ୍ଠ ପୋଲିସ କର୍ମଚାରୀ ସାଧାରଣ ଲୋକଙ୍କ ଉପରେ ଏପରି କରିବା ଅତ୍ୟନ୍ତ ଅମାନବୀୟ ।","[-2.8194966316223145, 0.628833532333374, 0.8147489428520203, 0.8927709460258484, -0.7612945437431335, -3.0314974784851074]"
ori_48b0240b79d6947c49f24dd48154b21a,ଏଥିପାଇଁ ସରକାରଙ୍କ କାର୍ଯ୍ୟକ୍ରମରେ ସୁଯୋଗ ନୋବାପାଇଁ ଜନସାଧାରଣଙ୍କୁ ମୁଖ୍ୟମନ୍ତ୍ରୀଙ୍କ ପରାମର୍ଶ ।,0,0,0,0,0,0,ori,[LANG=ori] ଏଥିପାଇଁ ସରକାରଙ୍କ କାର୍ଯ୍ୟକ୍ରମରେ ସୁଯୋଗ ନୋବାପାଇଁ ଜନସାଧାରଣଙ୍କୁ ମୁଖ୍ୟମନ୍ତ୍ରୀଙ୍କ ପରାମର୍ଶ ।,"[-3.761707067489624, -2.7707459926605225, -3.4432995319366455, -3.6187751293182373, -3.443918228149414, -3.496293783187866]"
ori_0e7d979cddaa2992f7727c5595542112,ବାଧ୍ଯ ହୋଇ ପିତାଙ୍କ ସତ୍ୟରକ୍ଷା ନିମନ୍ତେ ମତେ ସେଇ ପୁରୁଷଙ୍କୁ ପତି ରୂପରେ ବରଣ କରିବାକୁ ହୋଇଥା'ନ୍ତା ଏବଂ ମୋର ସତୀଧର୍ମ ନଷ୍ଟ ହୋଇଥାନ୍ତା ।,0,0,0,0,0,0,ori,[LANG=ori] ବାଧ୍ଯ ହୋଇ ପିତାଙ୍କ ସତ୍ୟରକ୍ଷା ନିମନ୍ତେ ମତେ ସେଇ ପୁରୁଷଙ୍କୁ ପତି ରୂପରେ ବରଣ କରିବାକୁ ହୋଇଥା'ନ୍ତା ଏବଂ ମୋର ସତୀଧର୍ମ ନଷ୍ଟ ହୋଇଥାନ୍ତା ।,"[-2.532198667526245, -3.467578172683716, -3.628255844116211, -0.4355379343032837, -1.7613927125930786, -2.35475492477417]"
ori_3d8bf3072917059097702b15b91411f4,ମହାରାଷ୍ଟ୍ର କଂଗ୍ରେସ ବିଧାୟକ ନୀତେଶ ରାଣା ଓ ତାଙ୍କ ସମର୍ଥକମାନେ ସର୍ବସମ୍ମୁଖରେ ଜଣେ କାର୍ଯ୍ୟରତ ଇଞ୍ଜିନିୟରଙ୍କୁ ଆକ୍ରମଣ କରିଛନ୍ତି।,0,0,0,0,0,0,ori,[LANG=ori] ମହାରାଷ୍ଟ୍ର କଂଗ୍ରେସ ବିଧାୟକ ନୀତେଶ ରାଣା ଓ ତାଙ୍କ ସମର୍ଥକମାନେ ସର୍ବସମ୍ମୁଖରେ ଜଣେ କାର୍ଯ୍ୟରତ ଇଞ୍ଜିନିୟରଙ୍କୁ ଆକ୍ରମଣ କରିଛନ୍ତି।,"[-3.3676443099975586, -3.2434134483337402, -3.030585527420044, -3.2776103019714355, -3.665102481842041, -4.264408111572266]"
ori_a28a5a8dc92dbed152640b37bef98b8e,ଭାରତୀୟ ଜନତା ପାର୍ଟିର ପୂର୍ବତନ ଜିଲ୍ଲା ମହିଳା ନେତ୍ରୀ ଅନ୍ନପୂର୍ଣ୍ଣା ବାରିକ ଓ ତାଙ୍କ ସମର୍ଥକମାନେ ଏସ୍ପି ସଞ୍ଜୀବ ଆରୋରାଙ୍କୁ ଭେଟିଥିଲେ ।,0,0,0,0,0,0,ori,[LANG=ori] ଭାରତୀୟ ଜନତା ପାର୍ଟିର ପୂର୍ବତନ ଜିଲ୍ଲା ମହିଳା ନେତ୍ରୀ ଅନ୍ନପୂର୍ଣ୍ଣା ବାରିକ ଓ ତାଙ୍କ ସମର୍ଥକମାନେ ଏସ୍ପି ସଞ୍ଜୀବ ଆରୋରାଙ୍କୁ ଭେଟିଥିଲେ ।,"[-3.778049945831299, -3.5596587657928467, -3.3351070880889893, -3.5892701148986816, -3.801323890686035, -3.929287910461426]"
ori_de3d7ef5b65414b1f6793ccd1231260b,ତେଣୁ କେନ୍ଦ୍ର ମନ୍ତ୍ରୀଙ୍କ ଠାରୁ ଆରମ୍ଭ କରି ବିଜେପିର ରାଜ୍ୟ ନେତାମାନେ ବାସ୍ତବ ତଥ୍ୟକୁ ଅନୁଧ୍ୟାନ ନ କରି ଜନସାଧାରଣଙ୍କୁ ଭୁଲ୍ ତଥ୍ୟ ଓ ମିଥ୍ୟା ପ୍ରତିଶ୍ରୁତି ଦେଇ ଚାଲିଛନ୍ତି ।,0,1,0,1,0,0,ori,[LANG=ori] ତେଣୁ କେନ୍ଦ୍ର ମନ୍ତ୍ରୀଙ୍କ ଠାରୁ ଆରମ୍ଭ କରି ବିଜେପିର ରାଜ୍ୟ ନେତାମାନେ ବାସ୍ତବ ତଥ୍ୟକୁ ଅନୁଧ୍ୟାନ ନ କରି ଜନସାଧାରଣଙ୍କୁ ଭୁଲ୍ ତଥ୍ୟ ଓ ମିଥ୍ୟା ପ୍ରତିଶ୍ରୁତି ଦେଇ ଚାଲିଛନ୍ତି ।,"[-1.1018239259719849, -0.9451512694358826, -3.3892853260040283, -0.08428677916526794, -3.5484867095947266, -2.2869186401367188]"
ori_f270ddf8b44dac4a44e0e4ac85ff0ccf,ମହିଳା ସଶକ୍ତିକରଣ ଓ ଲିଙ୍ଗଗତ ସମାନତା ପାଇଁ ଭାରତ ଓ ଜାତିସଂଘ ମଧ୍ୟରେ ସ୍ୱାକ୍ଷରିତ ଏମ୍ଓୟୁକୁ ପ୍ରଧାନମନ୍ତ୍ରୀ ଶ୍ରୀ ନରେନ୍ଦ୍ର ମୋଦୀଙ୍କ ଅଧ୍ୟକ୍ଷତାରେ ଅନୁଷ୍ଠିତ କେନ୍ଦ୍ର କ୍ୟାବିନେଟ ବୈଠକରେ ଅନୁମୋଦନ ମିଳିଛି ।,0,0,0,0,0,0,ori,[LANG=ori] ମହିଳା ସଶକ୍ତିକରଣ ଓ ଲିଙ୍ଗଗତ ସମାନତା ପାଇଁ ଭାରତ ଓ ଜାତିସଂଘ ମଧ୍ୟରେ ସ୍ୱାକ୍ଷରିତ ଏମ୍ଓୟୁକୁ ପ୍ରଧାନମନ୍ତ୍ରୀ ଶ୍ରୀ ନରେନ୍ଦ୍ର ମୋଦୀଙ୍କ ଅଧ୍ୟକ୍ଷତାରେ ଅନୁଷ୍ଠିତ କେନ୍ଦ୍ର କ୍ୟାବିନେଟ ବୈଠକରେ ଅନୁମୋଦନ ମିଳିଛି ।,"[-3.4542605876922607, -3.3739194869995117, -3.7300302982330322, -4.012362480163574, -4.004565715789795, -3.6351981163024902]"
ori_fd9c2fb25013efa76ba4c18175b108b3,କେବଳ ପୁରୁଷମାନେ ଅବୈଧ ସମ୍ପର୍କ ସ୍ଥାପନ କରିବାକୁ ସମର୍ଥ କଥାଟି ଭୁଲ୍ ପରିକଳ୍ପନା ଆଧାରିତ ବୋଲି ଜନସ୍ୱାର୍ଥ ମାମଲାରେ ଉଲ୍ଲେଖ କରାଯାଇଛି ।,0,0,0,0,0,0,ori,[LANG=ori] କେବଳ ପୁରୁଷମାନେ ଅବୈଧ ସମ୍ପର୍କ ସ୍ଥାପନ କରିବାକୁ ସମର୍ଥ କଥାଟି ଭୁଲ୍ ପରିକଳ୍ପନା ଆଧାରିତ ବୋଲି ଜନସ୍ୱାର୍ଥ ମାମଲାରେ ଉଲ୍ଲେଖ କରାଯାଇଛି ।,"[2.1897342205047607, -2.644658088684082, -3.8470823764801025, -0.03995819017291069, -2.3427481651306152, 1.6944584846496582]"
ori_d8664a45989274b2ed89284a92cd5cbb,ଏହି ପଦଯାତ୍ରାରେ ଦଳର ସଭାପତି ତଥା ମୁଖ୍ୟମନ୍ତ୍ରୀ ନବୀନ ପଟ୍ଟନାୟକ ଯୋଗଦେଇ କାର୍ଯ୍ୟକ୍ରମରେ ଉପସ୍ଥିତ ଜନସାଧାରଣଙ୍କୁ ସ୍ୱାଗତ କରିଥିଲେ ।,0,0,0,0,0,0,ori,[LANG=ori] ଏହି ପଦଯାତ୍ରାରେ ଦଳର ସଭାପତି ତଥା ମୁଖ୍ୟମନ୍ତ୍ରୀ ନବୀନ ପଟ୍ଟନାୟକ ଯୋଗଦେଇ କାର୍ଯ୍ୟକ୍ରମରେ ଉପସ୍ଥିତ ଜନସାଧାରଣଙ୍କୁ ସ୍ୱାଗତ କରିଥିଲେ ।,"[-3.895010471343994, -3.0919289588928223, -3.3559319972991943, -3.8127505779266357, -3.958899736404419, -3.849015712738037]"
ori_0bbeb9c0ffa450edcc768400412ce540,ଶ୍ରୀ ପଟ୍ଟନାୟକ କହିଛନ୍ତି ଯେ ବିଜେଡି ସରକାର ଗରିବ ଓ ସାଧାରଣ ଜନତାଙ୍କ ସ୍ୱାର୍ଥର ସୁରକ୍ଷା ପାଇଁ ସମର୍ପିତ ଭାବେ କାର୍ଯ୍ୟ କରୁଛି ।,0,0,0,0,0,0,ori,[LANG=ori] ଶ୍ରୀ ପଟ୍ଟନାୟକ କହିଛନ୍ତି ଯେ ବିଜେଡି ସରକାର ଗରିବ ଓ ସାଧାରଣ ଜନତାଙ୍କ ସ୍ୱାର୍ଥର ସୁରକ୍ଷା ପାଇଁ ସମର୍ପିତ ଭାବେ କାର୍ଯ୍ୟ କରୁଛି ।,"[-2.9974026679992676, -3.0756397247314453, -3.7048609256744385, -3.741814374923706, -4.307657718658447, -3.90513014793396]"
ori_da80a710936783ccc693d8db389f5304,@USER ତମ ଖାଇବା ସବୁ ଦେଖି ଦେଖି କୋଉ ଭାଗ୍ୟବତୀ ନିଶ୍ଚୟ ଭାବୁଥିବ ମୋର ଏଇ ହାଣ୍ଡିରେ ଚାଉଳ ପଡ଼ନ୍ତା କିରେ ? ଆହା କେଡେ ସୁଖରେ ଦିନ ଯାଆନ୍ତା ।😋,0,0,0,0,0,0,ori,[LANG=ori] @USER ତମ ଖାଇବା ସବୁ ଦେଖି ଦେଖି କୋଉ ଭାଗ୍ୟବତୀ ନିଶ୍ଚୟ ଭାବୁଥିବ ମୋର ଏଇ ହାଣ୍ଡିରେ ଚାଉଳ ପଡ଼ନ୍ତା କିରେ ? ଆହା କେଡେ ସୁଖରେ ଦିନ ଯାଆନ୍ତା ।😋,"[-2.2922022342681885, -2.4503397941589355, -4.40825891494751, -3.057518482208252, -3.4747486114501953, -2.5535025596618652]"
ori_3ad17af3deee2ed1c8c8e9171ccc9ca3,@USER ମୁଁ ଶୁଣିଥିଲି  ପିଲାଦିନେ ସେ ଜଣେ ଲେଖକ ଥିଲେ ରାଜନୀତି ପୂର୍ବରୁ,0,0,0,0,0,0,ori,[LANG=ori] @USER ମୁଁ ଶୁଣିଥିଲି  ପିଲାଦିନେ ସେ ଜଣେ ଲେଖକ ଥିଲେ ରାଜନୀତି ପୂର୍ବରୁ,"[-3.4596850872039795, -3.564116954803467, -3.5407676696777344, -3.8480334281921387, -3.7392654418945312, -3.5184268951416016]"
ori_bc854222f1d839bac26de565925dfd1f,"ଏଠାରେ ମନେରଖିବାକୁ ହେବ ଯେ , ହାତଗଣତି ମହିଳା ରାଜନେତା , ଆଇପିଏସ୍ କିମ୍ବା ଆଇଏଏସ୍ ଅଫିସର ଉଚ୍ଚ ସ୍ଥାନରେ ଥିଲେ ମଧ୍ୟ ସାଧାରଣ ମହିଳାଙ୍କ ଭବିଷ୍ୟତ ଉଜ୍ଜ୍ୱଳ ହେଉନାହିଁ ।",0,0,0,0,0,0,ori,"[LANG=ori] ଏଠାରେ ମନେରଖିବାକୁ ହେବ ଯେ , ହାତଗଣତି ମହିଳା ରାଜନେତା , ଆଇପିଏସ୍ କିମ୍ବା ଆଇଏଏସ୍ ଅଫିସର ଉଚ୍ଚ ସ୍ଥାନରେ ଥିଲେ ମଧ୍ୟ ସାଧାରଣ ମହିଳାଙ୍କ ଭବିଷ୍ୟତ ଉଜ୍ଜ୍ୱଳ ହେଉନାହିଁ ।","[0.8295928239822388, -2.6901419162750244, -4.208829402923584, -1.3363823890686035, -0.7468506097793579, -0.30067577958106995]"
ori_32dc31f4c1d9bea0379d9ff09af903c9,@USER @USER ଠିକ୍ କଥା କହିଲେ ଭାଈ ସବୁ ସେଇ ଜଗନ୍ନାଥ୍ ଙ୍କ ଇଛା,0,0,0,0,0,0,ori,[LANG=ori] @USER @USER ଠିକ୍ କଥା କହିଲେ ଭାଈ ସବୁ ସେଇ ଜଗନ୍ନାଥ୍ ଙ୍କ ଇଛା,"[0.08590507507324219, -1.7435171604156494, -3.3715436458587646, -2.3714616298675537, -2.6164567470550537, -1.3435195684432983]"
ori_07845866cd54f6652117c4d103a248ea,"ସଦସ୍ୟତା ଫର୍ମ ଓ ଫଟୋ ଥିବା ସତ୍ତ୍ୱେ ପିନାକୀ ତାଙ୍କ ଦଳର ନୁହନ୍ତି ବୋଲି ବିଜେପି କିପରି କହୁଛି , ତାକୁ ନେଇ ସାଧାରଣରେ ବେଶ୍ ଚର୍ଚ୍ଚା ଲାଗିରହିଛି ।",0,0,0,0,0,1,ori,"[LANG=ori] ସଦସ୍ୟତା ଫର୍ମ ଓ ଫଟୋ ଥିବା ସତ୍ତ୍ୱେ ପିନାକୀ ତାଙ୍କ ଦଳର ନୁହନ୍ତି ବୋଲି ବିଜେପି କିପରି କହୁଛି , ତାକୁ ନେଇ ସାଧାରଣରେ ବେଶ୍ ଚର୍ଚ୍ଚା ଲାଗିରହିଛି ।","[-2.451850175857544, 0.22590479254722595, -2.9029738903045654, -2.515192985534668, -2.5070927143096924, 0.7499147057533264]"
ori_7c16da505c9c95a5a428347e2af60686,ଆଦିବାସୀ ସମ୍ପ୍ରଦାୟର ହେବା ସହ ନୀରକ୍ଷର ହୋଇଥିବାରୁ ସରକାରୀ ଯୋଜନା ବିଷୟରେ ସମ୍ପୁର୍ଣ୍ଣ ଅଜ୍ଞ ।,0,0,0,0,0,0,ori,[LANG=ori] ଆଦିବାସୀ ସମ୍ପ୍ରଦାୟର ହେବା ସହ ନୀରକ୍ଷର ହୋଇଥିବାରୁ ସରକାରୀ ଯୋଜନା ବିଷୟରେ ସମ୍ପୁର୍ଣ୍ଣ ଅଜ୍ଞ ।,"[0.6465502381324768, -0.9224293231964111, -4.920884132385254, -1.0860967636108398, 0.8550167679786682, -1.226301670074463]"
ori_f020180da10af16bb5a9a0317e196dbf,"@USER ସତ କହିଲେ, ଆଜି କାଲି ର ସବୁ ସମ୍ପର୍କ କାଗଜ ଫୁଲ ଭଳି ହେଇଗଲାଣି ।ଦେଖିବାକୁ ତ ସୁନ୍ଦର କିନ୍ତୁ ବାସନ ନାହିଁ।",0,0,0,0,0,0,ori,"[LANG=ori] @USER ସତ କହିଲେ, ଆଜି କାଲି ର ସବୁ ସମ୍ପର୍କ କାଗଜ ଫୁଲ ଭଳି ହେଇଗଲାଣି ।ଦେଖିବାକୁ ତ ସୁନ୍ଦର କିନ୍ତୁ ବାସନ ନାହିଁ।","[-0.7102323174476624, -3.0421087741851807, -3.763503313064575, -2.340400457382202, -2.289268970489502, 0.28114593029022217]"
ori_87e73328dc848d7873e1e11ebded6e65,"ଭାରତ-ପାକିସ୍ତାନ ବାଣିଜ୍ୟ, ପ୍ରତିବର୍ଷ ୧୦ ବିଲିୟନ  ଭାରତୀୟ ସାମଗ୍ରୀ ପାକିସ୍ତାନ ପହଞ୍ଚୁଛି ତୃତୀୟ ଦେଶ ମାଧ୍ୟମରେ ଗ୍ଲୋବାଲ ଟ୍ରେଡ ରିସର୍ଚ୍ଚ ଇନିସିଏଟିଭ (GTRI) ର ଏକ ନୂଆ ରିପୋର୍ଟ ଅନୁସାରେ, ସିଧାସଳଖ ବାଣିଜ୍ୟ ସମ୍ପର୍କ ନଥିଲେ ମଧ୍ୟ, ଭାରତ-ପାକିସ୍ତାନ ବାଣିଜ୍ୟ ପ୍ରତିବର୍ଷ ପ୍ରାୟ ୧୦ ବିଲିୟନ ଡଲାର ରହିଛି। ଭାରତର ଉତ୍ପାଦିତ କପଡା, ଇଲେକ୍ଟ୍ରୋନିକ୍ସ,…",0,0,0,0,0,0,ori,"[LANG=ori] ଭାରତ-ପାକିସ୍ତାନ ବାଣିଜ୍ୟ, ପ୍ରତିବର୍ଷ ୧୦ ବିଲିୟନ  ଭାରତୀୟ ସାମଗ୍ରୀ ପାକିସ୍ତାନ ପହଞ୍ଚୁଛି ତୃତୀୟ ଦେଶ ମାଧ୍ୟମରେ ଗ୍ଲୋବାଲ ଟ୍ରେଡ ରିସର୍ଚ୍ଚ ଇନିସିଏଟିଭ (GTRI) ର ଏକ ନୂଆ ରିପୋର୍ଟ ଅନୁସାରେ, ସିଧାସଳଖ ବାଣିଜ୍ୟ ସମ୍ପର୍କ ନଥିଲେ ମଧ୍ୟ, ଭାରତ-ପାକିସ୍ତାନ ବାଣିଜ୍ୟ ପ୍ରତିବର୍ଷ ପ୍ରାୟ ୧୦ ବିଲିୟନ ଡଲାର ରହିଛି। ଭାରତର ଉତ୍ପାଦିତ କପଡା, ଇଲେକ୍ଟ୍ରୋନିକ୍ସ,…","[-3.72955584526062, -3.630596399307251, -3.4392077922821045, -3.5102477073669434, -3.819289207458496, -3.546506881713867]"
ori_4b0365b4d1ec081d6e353e9a540e01c8,@USER ଏ ଗୁଡା କଣ ସବୁ,0,0,0,0,0,0,ori,[LANG=ori] @USER ଏ ଗୁଡା କଣ ସବୁ,"[-1.236000418663025, -3.551781177520752, -3.2725324630737305, -3.1731839179992676, -3.7898406982421875, -1.6765130758285522]"
ori_9158a2b8758342a5402828d14da2f556,ଏଥିରେ ନେତୃବୃନ୍ଦ ମହାନଦୀକୁ ବଞ୍ଚାଇବା ପାଇଁ ଉଦ୍ଦିଷ୍ଟ ମହାସଂଗ୍ରାମରେ ସାମିଲ ହେବା ଲାଗି ଜନସାଧାରଣଙ୍କୁ ଆହ୍ୱାନ କରିବା ସହିତ କେନ୍ଦ୍ର ସରକାରଙ୍କ ବିରୋଧରେ ବର୍ଷିଥିଲେ ।,0,0,0,1,0,0,ori,[LANG=ori] ଏଥିରେ ନେତୃବୃନ୍ଦ ମହାନଦୀକୁ ବଞ୍ଚାଇବା ପାଇଁ ଉଦ୍ଦିଷ୍ଟ ମହାସଂଗ୍ରାମରେ ସାମିଲ ହେବା ଲାଗି ଜନସାଧାରଣଙ୍କୁ ଆହ୍ୱାନ କରିବା ସହିତ କେନ୍ଦ୍ର ସରକାରଙ୍କ ବିରୋଧରେ ବର୍ଷିଥିଲେ ।,"[-3.7056524753570557, -1.6046208143234253, -3.6471452713012695, -2.1128225326538086, -3.9499735832214355, -4.152047157287598]"
ori_e5059f07eaa1a01c3492c2724831ec5a,@USER ତୁ ତ ଦୁଇ ଟଙ୍କିଆ ଦରମା ବାଲା ଟୁଇଟର ଆଇଟି ସେଲ୍ ପ୍ରାଣୀ ତେଣୁ ତୁ ଟଙ୍କାର ମୂଲ୍ୟ କିମିତି ବୁଝିବୁ? 🤣,1,1,0,1,0,0,ori,[LANG=ori] @USER ତୁ ତ ଦୁଇ ଟଙ୍କିଆ ଦରମା ବାଲା ଟୁଇଟର ଆଇଟି ସେଲ୍ ପ୍ରାଣୀ ତେଣୁ ତୁ ଟଙ୍କାର ମୂଲ୍ୟ କିମିତି ବୁଝିବୁ? 🤣,"[-1.3609505891799927, 1.04112708568573, -0.43902698159217834, -1.919853925704956, -0.5505797863006592, -1.5329840183258057]"
ori_daa6e482054def42edd9336f8ac2ae32,"ତେବେ ଇମ୍ରାନଙ୍କୁ ଏନେଇ କୌଣସି ଦେଶ , ଏପରିକି ଜାତିସଂଘ ନିରାପତ୍ତା ପରିଷଦ , ଜାତିସଂଘ ସାଧାରଣ ପରିଷଦ ବୈଠକରେ ସମର୍ଥନ ମିଳିନଥିବାବେଳେ ଏକମାତ୍ର ଦେଶ ଚୀନ୍ ତାଙ୍କୁ ସମର୍ଥନ ଜଣାଇ ଆସୁଥିଲା ।",0,0,0,0,0,0,ori,"[LANG=ori] ତେବେ ଇମ୍ରାନଙ୍କୁ ଏନେଇ କୌଣସି ଦେଶ , ଏପରିକି ଜାତିସଂଘ ନିରାପତ୍ତା ପରିଷଦ , ଜାତିସଂଘ ସାଧାରଣ ପରିଷଦ ବୈଠକରେ ସମର୍ଥନ ମିଳିନଥିବାବେଳେ ଏକମାତ୍ର ଦେଶ ଚୀନ୍ ତାଙ୍କୁ ସମର୍ଥନ ଜଣାଇ ଆସୁଥିଲା ।","[-3.5885634422302246, -3.5420548915863037, -3.6963305473327637, -3.304325819015503, -3.9775960445404053, -3.566756248474121]"
ori_031921f0e153929174c7ecfb0e6398ed,କନ୍ୟା ଭ୍ରୁଣ ହତ୍ୟା ଆଦିକୁ ସମୂଳେ ନାଶ କରୁଛନ୍ତି।,0,0,0,0,0,0,ori,[LANG=ori] କନ୍ୟା ଭ୍ରୁଣ ହତ୍ୟା ଆଦିକୁ ସମୂଳେ ନାଶ କରୁଛନ୍ତି।,"[-0.9392766952514648, -1.1162049770355225, -2.1037333011627197, -0.42924463748931885, -1.8800278902053833, -4.008347511291504]"
ori_3404d5e4fbac2f6f6f144f7a78677385,"@USER ଦେଶୀ କୁକୁର ନା ବିଦେଶୀ , ମୋତେ ଗୋଟିଏ କୁକୁର ଛୁଆ 🐕🐶 ଦେବ । 😊",0,0,0,0,0,0,ori,"[LANG=ori] @USER ଦେଶୀ କୁକୁର ନା ବିଦେଶୀ , ମୋତେ ଗୋଟିଏ କୁକୁର ଛୁଆ 🐕🐶 ଦେବ । 😊","[-3.410137891769409, -3.5598273277282715, -2.979985237121582, -3.5478124618530273, -3.9421184062957764, -3.6431331634521484]"
ori_7f18d57010a95c1605329217f5de91c7,@USER @USER @USER ବଡ ଘର ବଡ ଗୁମର କଥା। ignore କରିବା ଭଲ। ଅଯଥା ସମୟ ନଷ୍ଟ,1,0,0,0,0,0,ori,[LANG=ori] @USER @USER @USER ବଡ ଘର ବଡ ଗୁମର କଥା। ignore କରିବା ଭଲ। ଅଯଥା ସମୟ ନଷ୍ଟ,"[-0.5814721584320068, -3.639113187789917, -4.410408020019531, -2.860218048095703, -1.4309723377227783, 0.706718385219574]"
ori_629d1a46e01636d03705a8e1aad5f11d,ପଟିଦାର ଆନ୍ଦୋଳନର ଆତଙ୍କ ବିଜେପିର ପିଛା ଛାଡି ନାହିଁ ଓ ପଟେଲ ସମ୍ପ୍ରଦାୟଙ୍କ ସମର୍ଥନ ହରାଇଥିବା ଆଶଙ୍କାରେ ବିଜେପି ଏମିତି କରୁଛି ବୋଲି ଅଭିଯୋଗ ହେଉଛି ।,0,1,0,1,0,0,ori,[LANG=ori] ପଟିଦାର ଆନ୍ଦୋଳନର ଆତଙ୍କ ବିଜେପିର ପିଛା ଛାଡି ନାହିଁ ଓ ପଟେଲ ସମ୍ପ୍ରଦାୟଙ୍କ ସମର୍ଥନ ହରାଇଥିବା ଆଶଙ୍କାରେ ବିଜେପି ଏମିତି କରୁଛି ବୋଲି ଅଭିଯୋଗ ହେଉଛି ।,"[0.03751048073172569, 0.05898783355951309, -2.8157174587249756, 0.9943689107894897, -2.6522114276885986, -4.029877185821533]"
ori_ce2bd0add15869b5e08f801b77185736,ଶାସକ ବିଜେଡିର ଏଭଳି ଅମାନବୀୟ ଘଟଣାକୁ ବିଜେପି ନିନ୍ଦା କରିଛି ।,0,0,0,1,0,0,ori,[LANG=ori] ଶାସକ ବିଜେଡିର ଏଭଳି ଅମାନବୀୟ ଘଟଣାକୁ ବିଜେପି ନିନ୍ଦା କରିଛି ।,"[-1.89919114112854, 1.391931414604187, -0.0008588602067902684, 1.8653337955474854, -1.1882131099700928, -3.015984535217285]"
ori_126c21ca2b9619359038dc228a7239d4,"ମୁଁ ଏକା ତୁମର କଥାଚିତ୍ରର ଦିନେ ଏଇ ରଙ୍ଗ ଲାଗିବ ଦେହରେ ଗୋଟିଏ ସୁମଧୁର ଗୀତ। ଭଲ ଲେଖା, ଭଲ ସ୍ବର, ତଥା ଭଲ ଅଭିନୟର ସମାହାର ଯୋଗୁ ଏହା ନିଶ୍ଚୟ ଲୋକପ୍ରିୟ ହୋଇ ରହିବ। ସେହିପରି, ହାତ ଧରି ଚାଲୁଥା କଥାଚିତ୍ରର ଆଜି କାଇଁ ସବୁ ଋତୁ ଫଗୁଣ ଫଗୁଣ ଗୀତଟିରେ ମଧ୍ୟ ଉଜ୍ଜଳ ଭବିଷ୍ୟତ ଲୁଚି ରହିଛି। ଦୁଇଟି ଯାକ ୨୦୧୩। youtu.be/W0mgDEMgak8?...",0,0,0,0,0,0,ori,"[LANG=ori] ମୁଁ ଏକା ତୁମର କଥାଚିତ୍ରର ଦିନେ ଏଇ ରଙ୍ଗ ଲାଗିବ ଦେହରେ ଗୋଟିଏ ସୁମଧୁର ଗୀତ। ଭଲ ଲେଖା, ଭଲ ସ୍ବର, ତଥା ଭଲ ଅଭିନୟର ସମାହାର ଯୋଗୁ ଏହା ନିଶ୍ଚୟ ଲୋକପ୍ରିୟ ହୋଇ ରହିବ। ସେହିପରି, ହାତ ଧରି ଚାଲୁଥା କଥାଚିତ୍ରର ଆଜି କାଇଁ ସବୁ ଋତୁ ଫଗୁଣ ଫଗୁଣ ଗୀତଟିରେ ମଧ୍ୟ ଉଜ୍ଜଳ ଭବିଷ୍ୟତ ଲୁଚି ରହିଛି। ଦୁଇଟି ଯାକ ୨୦୧୩। youtu.be/W0mgDEMgak8?...","[-3.7503085136413574, -3.4236721992492676, -3.662083864212036, -3.8467857837677, -3.838886022567749, -3.697185516357422]"
ori_2eb21f90b5945ebc22ea19b7a0346cc0,@USER @USER ମଜାକ ମଜାକ😄 ସବୁ ସମାନ ନୁହେଁ,0,0,0,0,0,0,ori,[LANG=ori] @USER @USER ମଜାକ ମଜାକ😄 ସବୁ ସମାନ ନୁହେଁ,"[-3.2710087299346924, -3.204909324645996, -3.782244920730591, -3.6283249855041504, -3.6254115104675293, -2.2708609104156494]"
ori_d52f82c45a5d444e1fe77f11ca54f4a9,"ତାଙ୍କ ନାମରେ ସରକାରୀ କୋଠା , ବାମ୍ବୋ କଟେଜ୍ ନିର୍ମାଣରେ ଦୁର୍ନୀତି ଏବଂ କାର୍ୟ୍ୟକ୍ଷେତ୍ରରେ ମହିଳା କର୍ମଚାରୀଙ୍କୁ ଯୌନ ନିର୍ୟାତନା ଅଭିଯୋଗ ଥିଲା ।",0,0,0,0,0,0,ori,"[LANG=ori] ତାଙ୍କ ନାମରେ ସରକାରୀ କୋଠା , ବାମ୍ବୋ କଟେଜ୍ ନିର୍ମାଣରେ ଦୁର୍ନୀତି ଏବଂ କାର୍ୟ୍ୟକ୍ଷେତ୍ରରେ ମହିଳା କର୍ମଚାରୀଙ୍କୁ ଯୌନ ନିର୍ୟାତନା ଅଭିଯୋଗ ଥିଲା ।","[-3.331033945083618, -2.2329182624816895, -3.2696847915649414, -2.2704005241394043, -4.213149070739746, -3.619274377822876]"
ori_df7c29e2e1f1b25e286e01af627127ed,"@USER @USER @USER ମହାପ୍ରଭୁ ଙ୍କ ଉପରେ ଭରସା ରଖ, ସବୁ ଠିକ୍ ହୋଇଯିବ।",0,0,0,0,0,0,ori,"[LANG=ori] @USER @USER @USER ମହାପ୍ରଭୁ ଙ୍କ ଉପରେ ଭରସା ରଖ, ସବୁ ଠିକ୍ ହୋଇଯିବ।","[-2.737230062484741, -3.121703863143921, -3.8584377765655518, -3.64306902885437, -3.8444745540618896, -3.7012228965759277]"
ori_471a95007b738e59b0a901198a609ac2,ଯେହେତୁ ରାଜା ସନାତନ ଧର୍ମରୁ ବିଚ୍ୟୁତି ହେଉଥିଲେ ସେଠାରେ ଥିବା ପ୍ରସିଦ୍ଧ ପଶୁପତିନାଥଙ୍କ ପୂଜା ନୀତି ମଧ୍ୟ ସମ୍ପୂର୍ଣ୍ଣ ବୈଦିକ ରୀତିରେ ହେଉନଥିଲା ।,0,0,0,0,0,0,ori,[LANG=ori] ଯେହେତୁ ରାଜା ସନାତନ ଧର୍ମରୁ ବିଚ୍ୟୁତି ହେଉଥିଲେ ସେଠାରେ ଥିବା ପ୍ରସିଦ୍ଧ ପଶୁପତିନାଥଙ୍କ ପୂଜା ନୀତି ମଧ୍ୟ ସମ୍ପୂର୍ଣ୍ଣ ବୈଦିକ ରୀତିରେ ହେଉନଥିଲା ।,"[-1.3357570171356201, -2.9693164825439453, -3.0721919536590576, -1.7855504751205444, -1.834249496459961, -0.9966466426849365]"
ori_6fabf764baf71ca6110bedd067dc52e9,ଏହି ପଞ୍ଚାୟତର ରାଣୀବନ୍ଦି ଓ ଖଣ୍ଡିଆବନ୍ଧି ଗ୍ରାମରେ ଅଧିକାଶଂରେ ଆଦିବାସୀ ସମ୍ପ୍ରଦାୟର ଲୋକମାନେ ବସବାସ କରିଥାନ୍ତି ।,0,0,0,0,0,0,ori,[LANG=ori] ଏହି ପଞ୍ଚାୟତର ରାଣୀବନ୍ଦି ଓ ଖଣ୍ଡିଆବନ୍ଧି ଗ୍ରାମରେ ଅଧିକାଶଂରେ ଆଦିବାସୀ ସମ୍ପ୍ରଦାୟର ଲୋକମାନେ ବସବାସ କରିଥାନ୍ତି ।,"[-3.420417070388794, -3.7386856079101562, -3.1526362895965576, -3.9145684242248535, -3.615328788757324, -3.281836748123169]"
ori_fea64b846392522f3ef02f1fb0bb50ae,ସେ କହିଛନ୍ତି ବିଜେପି କର୍ମୀ ଓ ସମର୍ଥକମାନେ ତାଙ୍କୁ ଆକ୍ରମଣ କରିବା ଉଦ୍ଦେଶ୍ୟରେ ଆସିଥିଲେ ।,1,0,0,1,0,0,ori,[LANG=ori] ସେ କହିଛନ୍ତି ବିଜେପି କର୍ମୀ ଓ ସମର୍ଥକମାନେ ତାଙ୍କୁ ଆକ୍ରମଣ କରିବା ଉଦ୍ଦେଶ୍ୟରେ ଆସିଥିଲେ ।,"[-1.6956866979599, -1.4594489336013794, -3.1729378700256348, -0.8554146885871887, -2.6080985069274902, -4.914029121398926]"
ori_781c09cbe920a75078440fc52dd37ab9,"ବିଶେଷ କରି ଧର୍ମ ନାମରେ କାହାରିକୁ ନାଗରିକତ୍ବ ପ୍ରଦାନ କରାଯାଇ ପାରିବ ନାହିଁ ବୋଲି ଦର୍ଶାଇ କଂଗ୍ରେସ, ତୃଣମୂଳ କଂଗ୍ରେସ ଓ ସିପିଆଇ(ଏମ୍‌) ଏବଂ ଅନ୍ୟ କେତେକ ଦଳ ଏହାକୁ ବିରୋଧ କରିଛନ୍ତି।",0,0,0,0,0,0,ori,"[LANG=ori] ବିଶେଷ କରି ଧର୍ମ ନାମରେ କାହାରିକୁ ନାଗରିକତ୍ବ ପ୍ରଦାନ କରାଯାଇ ପାରିବ ନାହିଁ ବୋଲି ଦର୍ଶାଇ କଂଗ୍ରେସ, ତୃଣମୂଳ କଂଗ୍ରେସ ଓ ସିପିଆଇ(ଏମ୍‌) ଏବଂ ଅନ୍ୟ କେତେକ ଦଳ ଏହାକୁ ବିରୋଧ କରିଛନ୍ତି।","[-3.302543878555298, -2.1225368976593018, -2.096825122833252, -0.9190957546234131, -3.1839332580566406, -2.8406410217285156]"
ori_b6a01cf64d2bfd62ba30b085c90d6a08,ହରିଆଣା ସରକାରଙ୍କ ନୂଆ ନିୟମ ଅନୁଯାୟୀ ପଂଚାୟତ ନିର୍ବାଚନ ଲଢ଼ିବାକୁ ଜଣେ ସାଧାରଣ ବର୍ଗର ପୁରୁଷଙ୍କୁ ୧୦ମଶ୍ରେଣୀ ପାସ୍ କରିବାକୁ ପଡ଼ିବ ।,0,0,0,0,0,0,ori,[LANG=ori] ହରିଆଣା ସରକାରଙ୍କ ନୂଆ ନିୟମ ଅନୁଯାୟୀ ପଂଚାୟତ ନିର୍ବାଚନ ଲଢ଼ିବାକୁ ଜଣେ ସାଧାରଣ ବର୍ଗର ପୁରୁଷଙ୍କୁ ୧୦ମଶ୍ରେଣୀ ପାସ୍ କରିବାକୁ ପଡ଼ିବ ।,"[-3.0792107582092285, -3.254326820373535, -2.9814090728759766, -3.3001880645751953, -3.5562057495117188, -3.4429025650024414]"
ori_9ee92b7fe7119907af08222216948018,"ଡାକ୍ତରଙ୍କ ଗୋପନୀୟ ଗ୍ରୀଷ୍ମ ଖାଦ୍ୟ ରୀତି! ଜାଣନ୍ତୁ କେମିତି ଖାଦ୍ୟ ଖାଇ ଖାଇ ଓଜନ କମାଇବେ  ଗ୍ରୀଷ୍ମ ୨୦୨୫ ଖାଦ୍ୟ ରୀତି ପ୍ରମାଣିତ କରୁଛି ଯେ ସୁସ୍ଥ ଖାଇବା କେବଳ ଓଜନ କମେଇବା ନୁହେଁ, ବରଂ ଏକ ସୁଖାଦୟ ଜୀବନଶୈଳୀ। ବର୍ତ୍ତମାନର ରୀତିଗୁଡ଼ିକ ଜଳୀୟତା, ପ୍ରୋଟିନ୍‌, ଓ ଗୁଟ୍ ସୁସ୍ଥତା ଉପରେ ଗୁରୁତ୍ୱ ଦେଉଛନ୍ତି, ଯାହା ପ୍ରାକୃତିକ ଭାବେ ଓଜନ ନିୟନ୍ତ୍ରଣରେ…",0,0,0,0,0,0,ori,"[LANG=ori] ଡାକ୍ତରଙ୍କ ଗୋପନୀୟ ଗ୍ରୀଷ୍ମ ଖାଦ୍ୟ ରୀତି! ଜାଣନ୍ତୁ କେମିତି ଖାଦ୍ୟ ଖାଇ ଖାଇ ଓଜନ କମାଇବେ  ଗ୍ରୀଷ୍ମ ୨୦୨୫ ଖାଦ୍ୟ ରୀତି ପ୍ରମାଣିତ କରୁଛି ଯେ ସୁସ୍ଥ ଖାଇବା କେବଳ ଓଜନ କମେଇବା ନୁହେଁ, ବରଂ ଏକ ସୁଖାଦୟ ଜୀବନଶୈଳୀ। ବର୍ତ୍ତମାନର ରୀତିଗୁଡ଼ିକ ଜଳୀୟତା, ପ୍ରୋଟିନ୍‌, ଓ ଗୁଟ୍ ସୁସ୍ଥତା ଉପରେ ଗୁରୁତ୍ୱ ଦେଉଛନ୍ତି, ଯାହା ପ୍ରାକୃତିକ ଭାବେ ଓଜନ ନିୟନ୍ତ୍ରଣରେ…","[-3.7404391765594482, -3.059377908706665, -3.6218554973602295, -3.9930763244628906, -3.9512176513671875, -3.3326616287231445]"
ori_7f904256060fd43d3312f074ec3e06e0,"ଲିଭର୍ ଖରାପ ହେଲେ ମୃତ୍ୟୁ ନିଶ୍ଚିତ! 😱 | ରକ୍ଷା ପାଇଁ ରୋଜ୍ ଖାଅ ଏହି ୪ଟି ଜିନିଷ  ଲିଭର୍ ନଷ୍ଟ ହେଉଛି ଫାଷ୍ଟଫୁଡ୍ ଓ ମଦ୍ୟପାନରେ! ବଞ୍ଚିବାକୁ ଚାହିଁଲେ ଖାଆନ୍ତୁ ଏହି ୪ ଜିନିଷ 🌿 ଆଧୁନିକ ଜୀବନଶୈଳୀର ଭୋକିଲା ମାଡ଼ରେ ସବୁଠାରୁ ଅଧିକ କ୍ଷତିଗ୍ରସ୍ତ ହେଉଛି ଆମର ଯକୃତ (Liver)! ଖରାପ ଖାଦ୍ୟ, ଅତ୍ୟଧିକ ତେଲ-ମସଲା, ମଦ୍ୟପାନ, ଏବଂ ଅନିୟମିତ ଖାଦ୍ୟାଭାସ ଯୋଗୁଁ…",0,0,0,0,0,0,ori,"[LANG=ori] ଲିଭର୍ ଖରାପ ହେଲେ ମୃତ୍ୟୁ ନିଶ୍ଚିତ! 😱 | ରକ୍ଷା ପାଇଁ ରୋଜ୍ ଖାଅ ଏହି ୪ଟି ଜିନିଷ  ଲିଭର୍ ନଷ୍ଟ ହେଉଛି ଫାଷ୍ଟଫୁଡ୍ ଓ ମଦ୍ୟପାନରେ! ବଞ୍ଚିବାକୁ ଚାହିଁଲେ ଖାଆନ୍ତୁ ଏହି ୪ ଜିନିଷ 🌿 ଆଧୁନିକ ଜୀବନଶୈଳୀର ଭୋକିଲା ମାଡ଼ରେ ସବୁଠାରୁ ଅଧିକ କ୍ଷତିଗ୍ରସ୍ତ ହେଉଛି ଆମର ଯକୃତ (Liver)! ଖରାପ ଖାଦ୍ୟ, ଅତ୍ୟଧିକ ତେଲ-ମସଲା, ମଦ୍ୟପାନ, ଏବଂ ଅନିୟମିତ ଖାଦ୍ୟାଭାସ ଯୋଗୁଁ…","[-3.704880475997925, -2.2553555965423584, -4.356413841247559, -2.613924503326416, -3.757101058959961, -2.168104887008667]"
ori_5bb030eb7e4ab9913b84035c5cc8d7b2,"ଏହି ନୋଟିସକୁ କଂଗ୍ରେସ , ତୃଣମୂଳ କଂଗ୍ରେସ , ରାଷ୍ଟ୍ରବାଦୀ କଂଗ୍ରେସ ପାର୍ଟି , ସମାଜବାଦୀ ପାର୍ଟି , ଆମ ଆଦମୀ ପାର୍ଟି ଏବଂ ସିପିଏମ୍ ସମର୍ଥନ କରିଛନ୍ତି ।",0,0,0,0,0,0,ori,"[LANG=ori] ଏହି ନୋଟିସକୁ କଂଗ୍ରେସ , ତୃଣମୂଳ କଂଗ୍ରେସ , ରାଷ୍ଟ୍ରବାଦୀ କଂଗ୍ରେସ ପାର୍ଟି , ସମାଜବାଦୀ ପାର୍ଟି , ଆମ ଆଦମୀ ପାର୍ଟି ଏବଂ ସିପିଏମ୍ ସମର୍ଥନ କରିଛନ୍ତି ।","[-3.7814717292785645, -3.571368932723999, -3.255443811416626, -3.318770170211792, -3.9768126010894775, -3.780971050262451]"
ori_5456272f6413e57cf5747302763332ee,"ଏହି ବିଲ ମାଧ୍ୟମରେ ସରକାର ତୃତୀୟ ଲିଙ୍ଗର ବ୍ୟକ୍ତିଙ୍କୁ ସାମାଜିକ, ଆର୍ଥିକ ଏବଂ ଶିକ୍ଷା ଦୃଷ୍ଟିରୁ ସଶକ୍ତ କରିବାକୁ ଯୋଜନା ରଖିଛନ୍ତି ।",0,0,0,0,0,0,ori,"[LANG=ori] ଏହି ବିଲ ମାଧ୍ୟମରେ ସରକାର ତୃତୀୟ ଲିଙ୍ଗର ବ୍ୟକ୍ତିଙ୍କୁ ସାମାଜିକ, ଆର୍ଥିକ ଏବଂ ଶିକ୍ଷା ଦୃଷ୍ଟିରୁ ସଶକ୍ତ କରିବାକୁ ଯୋଜନା ରଖିଛନ୍ତି ।","[-3.190295696258545, -3.0870916843414307, -3.4817399978637695, -3.082597494125366, -4.235598087310791, -3.3850820064544678]"
ori_d57fb80f581cdfc114181af5dd527732,କେନ୍ଦ୍ର ସରକାରଙ୍କ ଆୟୁଷ୍ମାନ ଯୋଜନାକୁ ନବୀନ ସରକାର ଗ୍ରହଣ ନ କରିବା ଜନସାଧାରଣଙ୍କ ପ୍ରତି ସରକାର କୁଠାରଘାତ କରୁଥିବାରୁ ବିରୋଧି ଦଳ ହିସାବରେ ଆମେ ତାକୁ ନିନ୍ଦା କରୁଛୁ ।,1,1,0,1,0,0,ori,[LANG=ori] କେନ୍ଦ୍ର ସରକାରଙ୍କ ଆୟୁଷ୍ମାନ ଯୋଜନାକୁ ନବୀନ ସରକାର ଗ୍ରହଣ ନ କରିବା ଜନସାଧାରଣଙ୍କ ପ୍ରତି ସରକାର କୁଠାରଘାତ କରୁଥିବାରୁ ବିରୋଧି ଦଳ ହିସାବରେ ଆମେ ତାକୁ ନିନ୍ଦା କରୁଛୁ ।,"[-2.578395366668701, 0.9117346405982971, -2.3851447105407715, 2.120779275894165, -2.207249164581299, -3.0450663566589355]"
ori_5c55e3bbd1a730f1dde1804bb31cb0cd,"ଜାତି, ଧର୍ମ ଓ ବର୍ଣ୍ଣ ଭିତ୍ତିରେ ସମାଜକୁ ବିଭକ୍ତ କରୁଥିବା ଶକ୍ତିର ପରାଜୟରେ ହିଁ ପ୍ରଗତି ହାସଲ କରାଯାଇ ପାରିବ ବୋଲି ଶ୍ରୀ ପଟ୍ଟନାୟକ କହିଛନ୍ତି।",0,0,0,0,0,0,ori,"[LANG=ori] ଜାତି, ଧର୍ମ ଓ ବର୍ଣ୍ଣ ଭିତ୍ତିରେ ସମାଜକୁ ବିଭକ୍ତ କରୁଥିବା ଶକ୍ତିର ପରାଜୟରେ ହିଁ ପ୍ରଗତି ହାସଲ କରାଯାଇ ପାରିବ ବୋଲି ଶ୍ରୀ ପଟ୍ଟନାୟକ କହିଛନ୍ତି।","[-3.833826780319214, -3.1855337619781494, -3.407280921936035, -3.2645201683044434, -4.158349990844727, -3.6214144229888916]"
ori_2e5eb7a4ffc32c480d429ad04b14bc3a,"୭୯ତମ ସ୍ୱାଧୀନତା ଦିବସ ଉପଲକ୍ଷେ ସଭିଙ୍କୁ ହାର୍ଦ୍ଦିକ ଶୁଭେଚ୍ଛା ଓ ଶୁଭକାମନା। ଏହି ଅବସରରେ ଆସନ୍ତୁ ସଭିଏଁ ଶପଥ ନେବା,  ଜାତି, ଧର୍ମ, ବର୍ଣ୍ଣ, ରାଜନୈତିକ ମତବାଦ ନିର୍ବିଶେଷରେ ଏକ ମନ, ଏକ ପ୍ରାଣ ହୋଇ ଦେଶର ଏକତା ଓ ଅଖଣ୍ଡତାକୁ ବଜାୟ ରଖିବା ସହ ଏକ ସମୃଦ୍ଧ ଭାରତ ଗଠନ ଦିଗରେ ସଂକଳ୍ପବଦ୍ଧ ହେବା। #IndependenceDay2025 #JaiHindJaiBharat #bharatmatakijai #indian #ilovemyindia",0,0,0,0,0,0,ori,"[LANG=ori] ୭୯ତମ ସ୍ୱାଧୀନତା ଦିବସ ଉପଲକ୍ଷେ ସଭିଙ୍କୁ ହାର୍ଦ୍ଦିକ ଶୁଭେଚ୍ଛା ଓ ଶୁଭକାମନା। ଏହି ଅବସରରେ ଆସନ୍ତୁ ସଭିଏଁ ଶପଥ ନେବା,  ଜାତି, ଧର୍ମ, ବର୍ଣ୍ଣ, ରାଜନୈତିକ ମତବାଦ ନିର୍ବିଶେଷରେ ଏକ ମନ, ଏକ ପ୍ରାଣ ହୋଇ ଦେଶର ଏକତା ଓ ଅଖଣ୍ଡତାକୁ ବଜାୟ ରଖିବା ସହ ଏକ ସମୃଦ୍ଧ ଭାରତ ଗଠନ ଦିଗରେ ସଂକଳ୍ପବଦ୍ଧ ହେବା। #IndependenceDay2025 #JaiHindJaiBharat #bharatmatakijai #indian #ilovemyindia","[-3.3333375453948975, -3.319645643234253, -3.7154064178466797, -3.8061468601226807, -3.930267095565796, -3.946099281311035]"
ori_834f7fa8a2a3619bce7bb54482177cd1,ଏହି ସମୟରେ ଗ୍ରାମରେ ରହୁଥିବା ୨୧ଟି ଆଦିବାସୀ ପରିବାର ବହୁତ ଦୁର୍ଦ୍ଦିନରେ ଥିବା ଏବଂ ସେମାନଙ୍କୁ ସ୍ଥାନାନ୍ତରଣ ପାଇଁ ସରକାରଙ୍କ ପାଖରେ ଦାବି ଜଣାଇବା କଥା କହିଥିଲେ ।,0,0,0,0,0,0,ori,[LANG=ori] ଏହି ସମୟରେ ଗ୍ରାମରେ ରହୁଥିବା ୨୧ଟି ଆଦିବାସୀ ପରିବାର ବହୁତ ଦୁର୍ଦ୍ଦିନରେ ଥିବା ଏବଂ ସେମାନଙ୍କୁ ସ୍ଥାନାନ୍ତରଣ ପାଇଁ ସରକାରଙ୍କ ପାଖରେ ଦାବି ଜଣାଇବା କଥା କହିଥିଲେ ।,"[-1.1314685344696045, -1.5959577560424805, -2.7758054733276367, 0.18393829464912415, 0.2663871645927429, -3.4718551635742188]"
ori_b56cfce970cd1fb4d6cdd308801f77a9,ସୂଚନାଯୋଗ୍ୟ ଚଳିତ ମାସ ୫ ତାରିଖରେ ଆରମ୍ଭ ହୋଇଥିବା ଏହି କାର୍ଯ୍ୟକ୍ରମରେ ମୁଖ୍ୟମନ୍ତ୍ରୀ ପ୍ରତି ବୁଧବାର ଓ ଶୁକ୍ରବାର ବିଭିନ୍ନ ପଞ୍ଚାୟତର ଜନସାଧାରଣଙ୍କୁ ଭେଟି ସେମାନଙ୍କ ଗାଁର ବିକାଶ ସମ୍ପର୍କରେ ଆଲୋଚନା କରୁଛନ୍ତି ।,0,0,0,0,0,0,ori,[LANG=ori] ସୂଚନାଯୋଗ୍ୟ ଚଳିତ ମାସ ୫ ତାରିଖରେ ଆରମ୍ଭ ହୋଇଥିବା ଏହି କାର୍ଯ୍ୟକ୍ରମରେ ମୁଖ୍ୟମନ୍ତ୍ରୀ ପ୍ରତି ବୁଧବାର ଓ ଶୁକ୍ରବାର ବିଭିନ୍ନ ପଞ୍ଚାୟତର ଜନସାଧାରଣଙ୍କୁ ଭେଟି ସେମାନଙ୍କ ଗାଁର ବିକାଶ ସମ୍ପର୍କରେ ଆଲୋଚନା କରୁଛନ୍ତି ।,"[-3.932284355163574, -3.09732723236084, -3.2097837924957275, -3.868401527404785, -4.008319854736328, -3.64461088180542]"
ori_b8160ed08ca7d0e24a8287a6317002d8,ଧର୍ମେନ୍ଦ୍ରଙ୍କୁ ନବୀନଙ୍କ ବିକଳ୍ପ ଭାବରେ ତାଙ୍କର କିଛି ନିର୍ଦ୍ଦିଷ୍ଟ ଗୋଷ୍ଠୀ ପ୍ରଚାର କରାଉଥିଲେ ମଧ୍ୟ ସାଧାରଣରେ ଗ୍ରହଣୀୟ ହେଉନି ।,0,1,0,1,0,0,ori,[LANG=ori] ଧର୍ମେନ୍ଦ୍ରଙ୍କୁ ନବୀନଙ୍କ ବିକଳ୍ପ ଭାବରେ ତାଙ୍କର କିଛି ନିର୍ଦ୍ଦିଷ୍ଟ ଗୋଷ୍ଠୀ ପ୍ରଚାର କରାଉଥିଲେ ମଧ୍ୟ ସାଧାରଣରେ ଗ୍ରହଣୀୟ ହେଉନି ।,"[1.3652781248092651, -0.9185378551483154, -4.287185192108154, -2.5093772411346436, -1.6784191131591797, -0.6807042956352234]"
ori_df5c816385ed6d9315baaefd9019ebca,@USER ସବୁ ହବ,0,0,0,0,0,0,ori,[LANG=ori] @USER ସବୁ ହବ,"[-2.5096499919891357, -3.1296005249023438, -3.8246381282806396, -3.408635377883911, -4.021589279174805, -2.491903781890869]"
ori_d705599e941dae107d920ca7ebacde21,ବେଆଇନ ଭାବେ ମଦ ରଖାଯାଇଥିବା ଅଭିଯୋଗ କରି ଏହି ତିନି ଯୁବ ନେତା ସେମାନଙ୍କ ସମର୍ଥକଙ୍କ ସହ ଜଣେ ମହିଳାଙ୍କ ଘରେ ବୁଧବାର ଚଢ଼ଉ କରିଥିବା ଅଭିଯୋଗ ହୋଇଥିଲା ।,0,0,0,0,0,0,ori,[LANG=ori] ବେଆଇନ ଭାବେ ମଦ ରଖାଯାଇଥିବା ଅଭିଯୋଗ କରି ଏହି ତିନି ଯୁବ ନେତା ସେମାନଙ୍କ ସମର୍ଥକଙ୍କ ସହ ଜଣେ ମହିଳାଙ୍କ ଘରେ ବୁଧବାର ଚଢ଼ଉ କରିଥିବା ଅଭିଯୋଗ ହୋଇଥିଲା ।,"[-3.867417097091675, -2.9961488246917725, -3.361128568649292, -3.362142562866211, -3.82776141166687, -3.824065923690796]"
ori_3969662d432749af8238f0f215dab5a1,@USER ପ୍ରଭୁ ଗଣେଶ ସବୁ ମଙ୍ଗଳ କରନ୍ତୁ।,0,0,0,0,0,0,ori,[LANG=ori] @USER ପ୍ରଭୁ ଗଣେଶ ସବୁ ମଙ୍ଗଳ କରନ୍ତୁ।,"[-3.406367063522339, -2.8770456314086914, -3.5791985988616943, -3.8742899894714355, -3.8202993869781494, -3.673489570617676]"
ori_9fa73b7756b0bb33ef5acdf14b9ea8a0,@USER @USER ସବୁ ଦିହକୁ ନେଇଯାଇଛନ୍ତି,0,0,0,1,0,0,ori,[LANG=ori] @USER @USER ସବୁ ଦିହକୁ ନେଇଯାଇଛନ୍ତି,"[1.2876728773117065, -0.38811811804771423, -3.109761953353882, -0.8322737216949463, -3.247183322906494, -2.422572612762451]"
ori_985537432bfa5592363328c87124a7ac,"ସେ କହିଛନ୍ତି , ସମାଜବାଦୀ ପାର୍ଟି ଭଳି ଆଞ୍ଚଳିକ ଦଳମାନେ ମେଣ୍ଟ ଗଠନ ଉଦ୍ୟମରେ ଲାଗିଥିବା ବେଳେ ବିଜେପି କିନ୍ତୁ ଭିନ୍ନ ରାସ୍ତା ଆପଣାଉଛି ।",0,1,0,0,0,0,ori,"[LANG=ori] ସେ କହିଛନ୍ତି , ସମାଜବାଦୀ ପାର୍ଟି ଭଳି ଆଞ୍ଚଳିକ ଦଳମାନେ ମେଣ୍ଟ ଗଠନ ଉଦ୍ୟମରେ ଲାଗିଥିବା ବେଳେ ବିଜେପି କିନ୍ତୁ ଭିନ୍ନ ରାସ୍ତା ଆପଣାଉଛି ।","[0.29234564304351807, -1.189786672592163, -3.179835319519043, -0.5096965432167053, -3.672079086303711, -2.908310651779175]"
ori_b867df08d12551f00260cab934c82690,ବ୍ଳକର ଅନ୍ୟ ୨୪ଟି ପଞ୍ଚାୟତକୁ ଗୋପବନ୍ଧୁ ଗ୍ରାମୀଣ ଯୋଜନାରେ କାର୍ଯ୍ୟାଦେଶ ମିଳିଥିବାବେଳେ କେନ୍ଦୁଆପଦା ସରପଞ୍ଚ ବିଜେପି ସମର୍ଥିତ ହୋଇଥିବାରୁ ଏହି ପଞ୍ଚାୟତକୁ ଉଦ୍ଦେଶ୍ୟମୂଳକ ଭାବେ ଯୋଜନାରୁ ବାଦ ଦିଆଯାଇଛି ।,1,0,0,0,0,0,ori,[LANG=ori] ବ୍ଳକର ଅନ୍ୟ ୨୪ଟି ପଞ୍ଚାୟତକୁ ଗୋପବନ୍ଧୁ ଗ୍ରାମୀଣ ଯୋଜନାରେ କାର୍ଯ୍ୟାଦେଶ ମିଳିଥିବାବେଳେ କେନ୍ଦୁଆପଦା ସରପଞ୍ଚ ବିଜେପି ସମର୍ଥିତ ହୋଇଥିବାରୁ ଏହି ପଞ୍ଚାୟତକୁ ଉଦ୍ଦେଶ୍ୟମୂଳକ ଭାବେ ଯୋଜନାରୁ ବାଦ ଦିଆଯାଇଛି ।,"[-1.0208216905593872, -1.137603759765625, -3.593773603439331, -1.3908075094223022, -1.7005470991134644, -2.6698529720306396]"
ori_649dc68451ccc5a1b91db5d4a97f6c5d,@USER #କବୀର_ସାହେବଙ୍କ_ପରିଚୟ Kabir is Godନେଲେ ଏବଂ ନିଜ ଆଶୀର୍ବାଦ ଦ୍ଵାରା ନଳ-ନୀଳଙ୍କର ଶାରୀରିକ ଓ ମାନସିକ ରୋଗ ଠିକ୍ କରିଥିଲେ।,0,0,0,0,0,0,ori,[LANG=ori] @USER #କବୀର_ସାହେବଙ୍କ_ପରିଚୟ Kabir is Godନେଲେ ଏବଂ ନିଜ ଆଶୀର୍ବାଦ ଦ୍ଵାରା ନଳ-ନୀଳଙ୍କର ଶାରୀରିକ ଓ ମାନସିକ ରୋଗ ଠିକ୍ କରିଥିଲେ।,"[-2.0077831745147705, -2.7287166118621826, -3.555640459060669, -3.535567045211792, -3.4769906997680664, -3.236082077026367]"
ori_e2be8d1b5d730659cc39d8d3367f08e6,"ଏଠି ନେତା ବେପାର କରୁଛନ୍ତି, ନେତା ବିକ୍ରି ହେଉଛନ୍ତି,   କିନ୍ତୁ ଘୋଡା ବଦନାମ l #ଘୋଡା_ବେପାର",1,0,0,0,0,0,ori,"[LANG=ori] ଏଠି ନେତା ବେପାର କରୁଛନ୍ତି, ନେତା ବିକ୍ରି ହେଉଛନ୍ତି,   କିନ୍ତୁ ଘୋଡା ବଦନାମ l #ଘୋଡା_ବେପାର","[0.10236681997776031, 1.3711014986038208, -1.4680604934692383, 0.14931140840053558, -2.3009605407714844, -1.225282907485962]"
ori_310fb12f08528bffb8744a7807416bf2,"@USER ଛେନା ରାଟେ ବଢ଼ିଲା ସତେ ଯେମିତି ଏମାନେ କ୍ଷୀରରୁ ରସଗୁଲା କରୁଛନ୍ତି,ସବୁ ତ ପାଉଡର ଛେନା,",0,0,0,1,0,0,ori,"[LANG=ori] @USER ଛେନା ରାଟେ ବଢ଼ିଲା ସତେ ଯେମିତି ଏମାନେ କ୍ଷୀରରୁ ରସଗୁଲା କରୁଛନ୍ତି,ସବୁ ତ ପାଉଡର ଛେନା,","[0.235080286860466, -0.2673243284225464, -1.125606656074524, -0.6848959922790527, -1.7416982650756836, -1.242555856704712]"
ori_63389f647850bff0abdcd4a0a54cab1a,@USER @USER ସବୁ ଦେଖୁଛନ୍ତି ରେ ଅନ୍ଧ ଭକ୍ତ ତୁ ଯେଉଁ ଓକିଲାତି କରିବାକୁ ଆସୁଛୁ ସେମାନଙ୍କ ପାଇଁ ତୁ ଫସିବୁ ସେଥିରେ ବାମ୍ଫ ନବୁ 🐕🐕,1,1,0,0,0,0,ori,[LANG=ori] @USER @USER ସବୁ ଦେଖୁଛନ୍ତି ରେ ଅନ୍ଧ ଭକ୍ତ ତୁ ଯେଉଁ ଓକିଲାତି କରିବାକୁ ଆସୁଛୁ ସେମାନଙ୍କ ପାଇଁ ତୁ ଫସିବୁ ସେଥିରେ ବାମ୍ଫ ନବୁ 🐕🐕,"[0.7066823840141296, 0.3791561722755432, -3.9521327018737793, 0.17362400889396667, -0.8557220697402954, -1.5137666463851929]"
ori_b6bb4da53cd0eca9b654b85658998f8c,ବିଧାୟକ ପ୍ରଶାନ୍ତ ଜଗଦେବ୍ କହିଛନ୍ତି ଯେ ବିଜେପି କର୍ମୀମାନେ ତାଙ୍କ ଗାଡି ଅଟକାଇବା ସହ ସେମାନଙ୍କ ଉପରକୁ ମରଣାନ୍ତକ ଆକ୍ରମଣ କରିଥିଲେ ।,0,0,0,0,0,0,ori,[LANG=ori] ବିଧାୟକ ପ୍ରଶାନ୍ତ ଜଗଦେବ୍ କହିଛନ୍ତି ଯେ ବିଜେପି କର୍ମୀମାନେ ତାଙ୍କ ଗାଡି ଅଟକାଇବା ସହ ସେମାନଙ୍କ ଉପରକୁ ମରଣାନ୍ତକ ଆକ୍ରମଣ କରିଥିଲେ ।,"[-3.559284210205078, -3.095392942428589, -3.349379777908325, -3.2752835750579834, -3.684480667114258, -4.268890857696533]"
ori_796e16759517d6d3062b572dc12a5f00,@USER ସବୁ ବରବାଦ,0,0,0,0,0,0,ori,[LANG=ori] @USER ସବୁ ବରବାଦ,"[0.5027707815170288, -0.5016433596611023, -1.7818536758422852, -0.3840014338493347, -1.6698089838027954, -0.8461041450500488]"
ori_e868f9dcfe65ee71e60865873ec8cd69,"ପୂର୍ବବର୍ତ୍ତୀ ଖବର ସର୍ବସାଧାରଣରେ କର୍ମୀ ପାଦ ଧୋଇବା ସହ ପାଦଧୁଆ ପାଣି ପିଇଲେ , ଘଟଣାକୁ ସମର୍ଥନ କଲେ ବିଜେପି ସାଂସଦ !",0,0,0,0,0,0,ori,"[LANG=ori] ପୂର୍ବବର୍ତ୍ତୀ ଖବର ସର୍ବସାଧାରଣରେ କର୍ମୀ ପାଦ ଧୋଇବା ସହ ପାଦଧୁଆ ପାଣି ପିଇଲେ , ଘଟଣାକୁ ସମର୍ଥନ କଲେ ବିଜେପି ସାଂସଦ !","[-3.498570680618286, -2.9953489303588867, -3.304082155227661, -3.6891393661499023, -3.4502766132354736, -4.217919826507568]"
ori_1738890f75c44876a53c936a2cd8f945,@USER କଣ ସବୁ ଚାଲିଛି,0,0,0,0,0,0,ori,[LANG=ori] @USER କଣ ସବୁ ଚାଲିଛି,"[-1.9276857376098633, -3.0652599334716797, -3.93158221244812, -3.3315556049346924, -3.657536029815674, -2.626460075378418]"
ori_73edf2922a2b2618e18a4fa4b8988fa4,ଏହି ଆନ୍ଦୋଳନକୁ ସମର୍ଥନ କରିବା ପାଇଁ ବିଜେପି ଦଳ ଭୁବନେଶ୍ୱର ଜନସାଧାରଣଙ୍କୁ ଆହ୍ୱାନ କରୁଛି ।,0,0,0,0,0,0,ori,[LANG=ori] ଏହି ଆନ୍ଦୋଳନକୁ ସମର୍ଥନ କରିବା ପାଇଁ ବିଜେପି ଦଳ ଭୁବନେଶ୍ୱର ଜନସାଧାରଣଙ୍କୁ ଆହ୍ୱାନ କରୁଛି ।,"[-3.5799925327301025, -3.259631633758545, -3.6269445419311523, -3.396909236907959, -3.9789586067199707, -4.011951923370361]"
ori_a5f147d920ebfd6a6de7f15d06596784,ଆଜି ଦିନ ୧୦ଟାରେ ଶତାଧିକ ସମର୍ଥକଙ୍କ ସହ କେନ୍ଦ୍ରମନ୍ତ୍ରୀ ଧର୍ମେନ୍ଦ୍ର ପ୍ରଧାନଙ୍କ ଉପସ୍ଥିତିରେ ପାଙ୍ଗି ରାଜ୍ୟ କାର୍ଯ୍ୟାଳୟରେ ବିଜେପିରେ ମିଶିବେ ବୋଲି କହିଛନ୍ତି ।,0,0,0,0,0,0,ori,[LANG=ori] ଆଜି ଦିନ ୧୦ଟାରେ ଶତାଧିକ ସମର୍ଥକଙ୍କ ସହ କେନ୍ଦ୍ରମନ୍ତ୍ରୀ ଧର୍ମେନ୍ଦ୍ର ପ୍ରଧାନଙ୍କ ଉପସ୍ଥିତିରେ ପାଙ୍ଗି ରାଜ୍ୟ କାର୍ଯ୍ୟାଳୟରେ ବିଜେପିରେ ମିଶିବେ ବୋଲି କହିଛନ୍ତି ।,"[-3.69830584526062, -3.2443771362304688, -2.9609265327453613, -3.730722188949585, -4.082205295562744, -4.014699459075928]"
ori_1b19503a46ea6482eb043be6d4a2ddd6,ସାକାର କରିବାକୁ ପାଦ ଦେଲେ ରାଜନୀତିରେ ଜନସାଧାରଣ ସମର୍ଥନରେ ହୁଅନ୍ତି ସରପଂଚ ।,0,0,0,0,0,0,ori,[LANG=ori] ସାକାର କରିବାକୁ ପାଦ ଦେଲେ ରାଜନୀତିରେ ଜନସାଧାରଣ ସମର୍ଥନରେ ହୁଅନ୍ତି ସରପଂଚ ।,"[-1.9257185459136963, -3.6997604370117188, -3.7388298511505127, -4.065148830413818, -4.002225399017334, -3.27946138381958]"
ori_10b1a7600cf38e1a8269d898006c2974,ପିଠା ଯୋଜନା ମାଧ୍ୟମରେ ସରକାରଙ୍କ ବିଭିନ୍ନ ଜନହିତକର ଯୋଜନା ସମ୍ପର୍କରେ ଅବଗତ କରାଯିବା ସହ ସାଧାରଣ ଲୋକଙ୍କ ଅଭିଯୋଗମାନ ଗ୍ରହଣ କରିବା ପାଇଁ ବ୍ୟବସ୍ଥା କରାଯାଇଛି ।,0,0,0,0,0,0,ori,[LANG=ori] ପିଠା ଯୋଜନା ମାଧ୍ୟମରେ ସରକାରଙ୍କ ବିଭିନ୍ନ ଜନହିତକର ଯୋଜନା ସମ୍ପର୍କରେ ଅବଗତ କରାଯିବା ସହ ସାଧାରଣ ଲୋକଙ୍କ ଅଭିଯୋଗମାନ ଗ୍ରହଣ କରିବା ପାଇଁ ବ୍ୟବସ୍ଥା କରାଯାଇଛି ।,"[-3.8658010959625244, -3.05765438079834, -3.370161533355713, -3.880938768386841, -3.986804962158203, -3.649634599685669]"
ori_07eccec6ebc2863c09a3db78f0d046f7,@USER ଦୁନିଆକୁ ତ ସବୁ ଖାଏଲ ବୋ କେତେ ଦରମା ହେଲେ ଆର୍ ହେବା ???,0,0,0,0,0,0,ori,[LANG=ori] @USER ଦୁନିଆକୁ ତ ସବୁ ଖାଏଲ ବୋ କେତେ ଦରମା ହେଲେ ଆର୍ ହେବା ???,"[0.14459504187107086, -0.09236987680196762, -1.0243725776672363, 0.4435405135154724, -0.3592616319656372, -0.39008772373199463]"
ori_7ed224fc53ed68097116c72a77a8a974,କନ୍ୟା ଭୃଣହତ୍ୟା ନିରାକରଣ ଓ ମହିଳା ସଶକ୍ତିକରଣକୁ ଗୁରୁତ୍ୱ ଦେଉଥିବା ଏନ୍ଡିଏ ସରକାରରେ ଏହା ସବୁଠୁ ବିଡମ୍ବନା ।,0,1,0,1,0,0,ori,[LANG=ori] କନ୍ୟା ଭୃଣହତ୍ୟା ନିରାକରଣ ଓ ମହିଳା ସଶକ୍ତିକରଣକୁ ଗୁରୁତ୍ୱ ଦେଉଥିବା ଏନ୍ଡିଏ ସରକାରରେ ଏହା ସବୁଠୁ ବିଡମ୍ବନା ।,"[0.530648410320282, 0.6189928650856018, -4.477260112762451, -0.6709873080253601, -3.334029197692871, -2.132493495941162]"
ori_2b23dad32dc9d49e14bd256070e9c2ef,"ଏହି ବିଧେୟକକୁ ବିଜେପି, ଜନତା ଦଳ ୟୁନାଇଟେଡ଼, ଅକାଳି ଦଳ ଏବଂ ଲୋକ ଜନଶକ୍ତି ଦଳ ସମର୍ଥନ କରୁଥିବା ବେଳେ କଂଗ୍ରେସ, ତୃଣମୂଳ କଂଗ୍ରେସ, ବାମପନ୍ଥୀ ଦଳ ଏବଂ ସମାଜବାଦୀ ପାର୍ଟି ବିରୋଧ କରୁଛନ୍ତି।",0,0,0,0,0,0,ori,"[LANG=ori] ଏହି ବିଧେୟକକୁ ବିଜେପି, ଜନତା ଦଳ ୟୁନାଇଟେଡ଼, ଅକାଳି ଦଳ ଏବଂ ଲୋକ ଜନଶକ୍ତି ଦଳ ସମର୍ଥନ କରୁଥିବା ବେଳେ କଂଗ୍ରେସ, ତୃଣମୂଳ କଂଗ୍ରେସ, ବାମପନ୍ଥୀ ଦଳ ଏବଂ ସମାଜବାଦୀ ପାର୍ଟି ବିରୋଧ କରୁଛନ୍ତି।","[-2.9700067043304443, -3.19301438331604, -3.176321506500244, -2.5541818141937256, -3.752236843109131, -3.4718756675720215]"
ori_ab13c6dd74d935951e93dc4d461180b0,"ଜଣେ ସପ୍ତମ ଶ୍ରେଣୀ ପାସ ହେଲେ ଅଷ୍ଟମ ଶ୍ରେଣୀକୁ ଆସେ,କିନ୍ତୁ ଜଣେ ଲୋକ ସପ୍ତମ ଥର ପ୍ରେମରେ ଫେଲ ହେଲେ ଅଷ୍ଟମ ପ୍ରେମକୁ ଆସେ lଏ କିଛି ନୁହଁ କେବଳ ପାସ-ଫେଲର କଥା l",0,0,0,0,0,0,ori,"[LANG=ori] ଜଣେ ସପ୍ତମ ଶ୍ରେଣୀ ପାସ ହେଲେ ଅଷ୍ଟମ ଶ୍ରେଣୀକୁ ଆସେ,କିନ୍ତୁ ଜଣେ ଲୋକ ସପ୍ତମ ଥର ପ୍ରେମରେ ଫେଲ ହେଲେ ଅଷ୍ଟମ ପ୍ରେମକୁ ଆସେ lଏ କିଛି ନୁହଁ କେବଳ ପାସ-ଫେଲର କଥା l","[-3.264442205429077, -3.6566944122314453, -4.214779853820801, -3.9636588096618652, -3.1550352573394775, -3.4655590057373047]"
ori_e0d72796f51134f3a2370bf911e36fc3,ସବୁଠାରୁ ଗୁରୁତ୍ୱପୂର୍ଣ୍ଣ କଥା ହେଲା ଏକ ଉଦ୍ଦୀପନୀ ପ୍ୟାକେଜ୍ ମାଧ୍ୟମରେ ସରକାର ନିମ୍ନଗାମୀ ଅର୍ଥନୀତିକୁ ଊର୍ଦ୍ଧ୍ୱକୁ ନେବା ପାଇଁ ଚେଷ୍ଟା କରିବେ ବୋଲି ସାଧାରଣରେ ଆଶା କରାଯାଉଛି ।,0,0,0,0,0,0,ori,[LANG=ori] ସବୁଠାରୁ ଗୁରୁତ୍ୱପୂର୍ଣ୍ଣ କଥା ହେଲା ଏକ ଉଦ୍ଦୀପନୀ ପ୍ୟାକେଜ୍ ମାଧ୍ୟମରେ ସରକାର ନିମ୍ନଗାମୀ ଅର୍ଥନୀତିକୁ ଊର୍ଦ୍ଧ୍ୱକୁ ନେବା ପାଇଁ ଚେଷ୍ଟା କରିବେ ବୋଲି ସାଧାରଣରେ ଆଶା କରାଯାଉଛି ।,"[-3.2578647136688232, -3.1196064949035645, -3.5983211994171143, -3.7475616931915283, -4.196005344390869, -3.5561654567718506]"
ori_3a3d5f8c24724fe38fa4b8325a0aaa1b,ତେବେ ପରେ ସେ ଧର୍ମେନ୍ଦ୍ରଙ୍କ ମାଧ୍ୟମରେ ମିଶ୍ରଣ ପର୍ବ ଜରିଆରେ ବିଜେପିରେ ମିଶିଥିଲେ ।,0,0,0,0,0,0,ori,[LANG=ori] ତେବେ ପରେ ସେ ଧର୍ମେନ୍ଦ୍ରଙ୍କ ମାଧ୍ୟମରେ ମିଶ୍ରଣ ପର୍ବ ଜରିଆରେ ବିଜେପିରେ ମିଶିଥିଲେ ।,"[-3.1281466484069824, -2.952448844909668, -2.942251443862915, -4.497957229614258, -3.9642975330352783, -3.9108896255493164]"
ori_9f1e35f80eba95acdc98792ffa11aefa,"ବିଜେପି ପକ୍ଷରୁ ମିଳିଥିବା ସୂଚନା ଅନୁସାରେ , ଆସନ୍ତାକାଲି ପୂର୍ବାହ୍ନରେ କେନ୍ଦ୍ର ମନ୍ତ୍ରୀ ଧର୍ମେନ୍ଦ୍ର ପ୍ରଧାନ ହେଲିକପ୍ଟରରେ ଆସି ସୁନାବେଡାରେ ଓହ୍ଲାଇବେ ।",0,0,0,0,0,0,ori,"[LANG=ori] ବିଜେପି ପକ୍ଷରୁ ମିଳିଥିବା ସୂଚନା ଅନୁସାରେ , ଆସନ୍ତାକାଲି ପୂର୍ବାହ୍ନରେ କେନ୍ଦ୍ର ମନ୍ତ୍ରୀ ଧର୍ମେନ୍ଦ୍ର ପ୍ରଧାନ ହେଲିକପ୍ଟରରେ ଆସି ସୁନାବେଡାରେ ଓହ୍ଲାଇବେ ।","[-3.6633474826812744, -3.1586921215057373, -3.1333255767822266, -3.699981689453125, -4.1496782302856445, -3.898607015609741]"
ori_14b01d37f26fb8e65d26c7376e83de57,ନାଗା ନେତା ମାନେ ଖ୍ରୀଷ୍ଟ ଧର୍ମକୁ ଧ୍ୱଂସ କରିବାକୁ ଚାହୁଁଥିବା ବିଜେପି ପଛରେ ଗୋଡ଼ାଉଥିବା ଦେଖି ଭଗବାନ କାନ୍ଦୁଥିବେ ବୋଲି କାଉନସିଲର ମହାସଚିବ କହିଛନ୍ତି ।,0,1,0,1,0,0,ori,[LANG=ori] ନାଗା ନେତା ମାନେ ଖ୍ରୀଷ୍ଟ ଧର୍ମକୁ ଧ୍ୱଂସ କରିବାକୁ ଚାହୁଁଥିବା ବିଜେପି ପଛରେ ଗୋଡ଼ାଉଥିବା ଦେଖି ଭଗବାନ କାନ୍ଦୁଥିବେ ବୋଲି କାଉନସିଲର ମହାସଚିବ କହିଛନ୍ତି ।,"[0.07952073961496353, 0.9595106840133667, -2.0193252563476562, 2.1549787521362305, -2.0694072246551514, -2.800130605697632]"
ori_d8d54f1ad96edd6a2881646b5d07cdbe,କେବଳ ଉଜ୍ଜଳା ଦୁର୍ନୀତି କଥା ଉଠାଇ ନବୀନ ପରୋକ୍ଷରେ କେନ୍ଦ୍ରମନ୍ତ୍ରୀ ଧର୍ମେନ୍ଦ୍ର ପ୍ରଧାନଙ୍କ ଭୂମିକା ନେଇ ମଧ୍ୟ ଠାରିବାକୁ ଭୁଲିନଥିଲେ ।,0,1,0,0,0,0,ori,[LANG=ori] କେବଳ ଉଜ୍ଜଳା ଦୁର୍ନୀତି କଥା ଉଠାଇ ନବୀନ ପରୋକ୍ଷରେ କେନ୍ଦ୍ରମନ୍ତ୍ରୀ ଧର୍ମେନ୍ଦ୍ର ପ୍ରଧାନଙ୍କ ଭୂମିକା ନେଇ ମଧ୍ୟ ଠାରିବାକୁ ଭୁଲିନଥିଲେ ।,"[-1.8678669929504395, 1.004125952720642, -1.8810904026031494, 0.29029372334480286, -3.5650532245635986, -3.4763145446777344]"
ori_69850d6a0e90e3b1a81eaeb413e2426e,ଆଦିବାସୀ ଅଂଚଳରେ ଶିକ୍ଷାର ବିକାଶ ନିମନ୍ତେ ସରକାର ବିଭିନ୍ନ ଯୋଜନା ମାଧ୍ୟମରେ କୋଟି କୋଟି ଟଙ୍କା ବ୍ୟୟ କରୁଥିବାବେଳେ ଶିକ୍ଷକ ଶିକ୍ଷୟତ୍ରୀ ପ୍ରଶାସନ ଆଖିରେ ଧୁଳି ଦେଇ ସ୍କୁଲକୁ ନଯାଇ ଠକି ଚାଲିଛନ୍ତି ।,1,1,0,0,0,0,ori,[LANG=ori] ଆଦିବାସୀ ଅଂଚଳରେ ଶିକ୍ଷାର ବିକାଶ ନିମନ୍ତେ ସରକାର ବିଭିନ୍ନ ଯୋଜନା ମାଧ୍ୟମରେ କୋଟି କୋଟି ଟଙ୍କା ବ୍ୟୟ କରୁଥିବାବେଳେ ଶିକ୍ଷକ ଶିକ୍ଷୟତ୍ରୀ ପ୍ରଶାସନ ଆଖିରେ ଧୁଳି ଦେଇ ସ୍କୁଲକୁ ନଯାଇ ଠକି ଚାଲିଛନ୍ତି ।,"[1.2875272035598755, 0.7101300954818726, -2.7316699028015137, -0.8660478591918945, -0.8827468156814575, 0.1442171335220337]"
ori_762ed2c146511a2d47cd04fc0a2993fc,"ରସୁଣ ଖାଇବାର ଲାଭ ଅଛି, କିନ୍ତୁ ଏହି ଲୋକମାନେ ଦୂରେଇ ରହିବା ଉଚିତ!  ରସୁଣ: ଏକ ଉପକାରୀ ଔଷଧୀୟ ଖାଦ୍ୟ ଦୈନନ୍ଦିନ ଆହାରରେ ରସୁଣ ସାମିଲ କରିବା ଦ୍ୱାରା ଶରୀରରେ ଅନେକ ପ୍ରକାର ଲାଭ ମିଳେ। ଏହା ରକ୍ତଚାପ ନିୟନ୍ତ୍ରଣ, ମୁଖବ୍ରଣ ଦୂରିକରଣ, ଏବଂ କ୍ୟାନ୍‌ସର ଜଣ୍ଟି ରୋଗ ସହିତ ଲଢ଼ିବାରେ ସାହାଯ୍ୟ କରେ। କିନ୍ତୁ କିଛି ଲୋକ ପାଇଁ ଏହି ରସୁଣ ହାନିକାରକ ହୋଇପାରେ। କିଏ…",0,0,0,0,0,0,ori,"[LANG=ori] ରସୁଣ ଖାଇବାର ଲାଭ ଅଛି, କିନ୍ତୁ ଏହି ଲୋକମାନେ ଦୂରେଇ ରହିବା ଉଚିତ!  ରସୁଣ: ଏକ ଉପକାରୀ ଔଷଧୀୟ ଖାଦ୍ୟ ଦୈନନ୍ଦିନ ଆହାରରେ ରସୁଣ ସାମିଲ କରିବା ଦ୍ୱାରା ଶରୀରରେ ଅନେକ ପ୍ରକାର ଲାଭ ମିଳେ। ଏହା ରକ୍ତଚାପ ନିୟନ୍ତ୍ରଣ, ମୁଖବ୍ରଣ ଦୂରିକରଣ, ଏବଂ କ୍ୟାନ୍‌ସର ଜଣ୍ଟି ରୋଗ ସହିତ ଲଢ଼ିବାରେ ସାହାଯ୍ୟ କରେ। କିନ୍ତୁ କିଛି ଲୋକ ପାଇଁ ଏହି ରସୁଣ ହାନିକାରକ ହୋଇପାରେ। କିଏ…","[-3.1332192420959473, -2.8272314071655273, -4.083900451660156, -3.577089786529541, -3.5499815940856934, -2.515073299407959]"
ori_69fb21e15939bf74498ce04e818f6dc3,"ଧର୍ମ ନାଁରେ ଦଙ୍ଗା ବନ୍ଦ କର , ଗୋ - ରକ୍ଷା ନାଁରେ ମୁସଲମାନ , ଖ୍ରୀଷ୍ଟିୟାନ ଓ ଦଳିତ ଆଦିବାସୀଙ୍କ ଉପରେ ଆକ୍ରମଣ ବନ୍ଦ କରିବାକୁ ପୋଷ୍ଟରରେ ଲେଖାଯାଇଛି ।",0,0,0,1,0,0,ori,"[LANG=ori] ଧର୍ମ ନାଁରେ ଦଙ୍ଗା ବନ୍ଦ କର , ଗୋ - ରକ୍ଷା ନାଁରେ ମୁସଲମାନ , ଖ୍ରୀଷ୍ଟିୟାନ ଓ ଦଳିତ ଆଦିବାସୀଙ୍କ ଉପରେ ଆକ୍ରମଣ ବନ୍ଦ କରିବାକୁ ପୋଷ୍ଟରରେ ଲେଖାଯାଇଛି ।","[-2.431572198867798, -1.1742284297943115, -2.6689493656158447, 0.5528903007507324, -1.8393365144729614, -4.2185797691345215]"
ori_885e80aae997dea5d3bc30546e6257ad,"ଏହା ହେଉଛି ଆମ ସରକାରଙ୍କର କାର୍ଯ୍ୟ କରିବାର ଶୈଳୀ, ହେଉଛି ଆମର କାର୍ଯ୍ୟସଂସ୍କୃତି ।",0,0,0,0,0,0,ori,"[LANG=ori] ଏହା ହେଉଛି ଆମ ସରକାରଙ୍କର କାର୍ଯ୍ୟ କରିବାର ଶୈଳୀ, ହେଉଛି ଆମର କାର୍ଯ୍ୟସଂସ୍କୃତି ।","[-2.8992137908935547, -3.662416934967041, -3.547523021697998, -3.8756842613220215, -3.802748918533325, -2.9168782234191895]"
ori_9d4bf65d1e371f28c550141eaae96319,କଠୋରପନ୍ଥୀ ବୌଦ୍ଧ ଧର୍ମାବଲମ୍ବୀଙ୍କ ଅନୁସାରେ ମୁସଲମାନ ଗୋଷ୍ଠୀ ବଳପୂର୍ବକ ସାଧାରଣ ଲୋକଙ୍କର ଧର୍ମାନ୍ତରରୀକରଣ କରାଇ ସେମାନଙ୍କୁ ମୁସଲମାନ ଧର୍ମରେ ଦୀକ୍ଷିତ କରାଉଛନ୍ତି ଏବଂ ଐତିହ୍ୟପୂର୍ଣ୍ଣ ବୌଦ୍ଧ ସ୍ଥଳୀମାନଙ୍କରେ ଅଶୋଭନୀୟ କାର୍ଯ୍ୟକଳାପ ଭିଆଉଛନ୍ତି ।,1,1,0,1,0,0,ori,[LANG=ori] କଠୋରପନ୍ଥୀ ବୌଦ୍ଧ ଧର୍ମାବଲମ୍ବୀଙ୍କ ଅନୁସାରେ ମୁସଲମାନ ଗୋଷ୍ଠୀ ବଳପୂର୍ବକ ସାଧାରଣ ଲୋକଙ୍କର ଧର୍ମାନ୍ତରରୀକରଣ କରାଇ ସେମାନଙ୍କୁ ମୁସଲମାନ ଧର୍ମରେ ଦୀକ୍ଷିତ କରାଉଛନ୍ତି ଏବଂ ଐତିହ୍ୟପୂର୍ଣ୍ଣ ବୌଦ୍ଧ ସ୍ଥଳୀମାନଙ୍କରେ ଅଶୋଭନୀୟ କାର୍ଯ୍ୟକଳାପ ଭିଆଉଛନ୍ତି ।,"[1.7100203037261963, -0.8021981120109558, -3.4847915172576904, -1.0224095582962036, -2.378927230834961, -2.576103687286377]"
ori_38b15322fdb68fe61bd1d3a63309ce36,@USER ଠିକ ତ ଅଛି...ନାଁ ପରିବର୍ତନ ନିର୍ଦ୍ଧିଷ୍ଟ ଜାତି ର ଭୋଟ ପାଇଁ ଏଭଳିଆ କରିବା ଠିକ ନୁହେଁ,1,0,0,0,0,1,ori,[LANG=ori] @USER ଠିକ ତ ଅଛି...ନାଁ ପରିବର୍ତନ ନିର୍ଦ୍ଧିଷ୍ଟ ଜାତି ର ଭୋଟ ପାଇଁ ଏଭଳିଆ କରିବା ଠିକ ନୁହେଁ,"[1.403255820274353, -0.6879991292953491, -4.238368988037109, -0.933035135269165, -1.6558963060379028, -0.013144079595804214]"
ori_a26dab92b5e8aff1e7a9c61acc36236d,ବରଂ ତେଲ ବାହାନାରେ କେନ୍ଦ୍ର ମନ୍ତ୍ରୀ ଧର୍ମେନ୍ଦ୍ର ପ୍ରଧାନଙ୍କ ଉପରେ ବିଜେଡି ରାଜନୈତିକ ଆକ୍ରମଣ ଯୋଜନାରେ କାମ କରୁଛି ବୋଲି ବିଜେପି ପକ୍ଷରୁ ଅଭିଯୋଗ ହୋଇଛି ।,0,1,0,1,0,0,ori,[LANG=ori] ବରଂ ତେଲ ବାହାନାରେ କେନ୍ଦ୍ର ମନ୍ତ୍ରୀ ଧର୍ମେନ୍ଦ୍ର ପ୍ରଧାନଙ୍କ ଉପରେ ବିଜେଡି ରାଜନୈତିକ ଆକ୍ରମଣ ଯୋଜନାରେ କାମ କରୁଛି ବୋଲି ବିଜେପି ପକ୍ଷରୁ ଅଭିଯୋଗ ହୋଇଛି ।,"[-0.42155012488365173, 1.4147719144821167, -2.1177172660827637, 0.9747664332389832, -2.717315196990967, -3.776763439178467]"
ori_1d27bd17aad2e9085d005625b8b83143,ସେହିଭଳି ବିଶିଷ୍ଟ ସମାଜକର୍ମୀ ତଥା ଗୁଜୁରାଟ ଦଙ୍ଗାବେଳେ ଆଇଏଏସ୍ ପଦରୁ ଇସ୍ତଫା ଦେଇଥିବା ହର୍ଷ ମନ୍ଦେର ବର୍ତ୍ତମାନର ଦକ୍ଷିଣପନ୍ଥୀ ସରକାରର କଡ଼ା ନିନ୍ଦା କରିଥିଲେ ।,1,0,0,0,0,0,ori,[LANG=ori] ସେହିଭଳି ବିଶିଷ୍ଟ ସମାଜକର୍ମୀ ତଥା ଗୁଜୁରାଟ ଦଙ୍ଗାବେଳେ ଆଇଏଏସ୍ ପଦରୁ ଇସ୍ତଫା ଦେଇଥିବା ହର୍ଷ ମନ୍ଦେର ବର୍ତ୍ତମାନର ଦକ୍ଷିଣପନ୍ଥୀ ସରକାରର କଡ଼ା ନିନ୍ଦା କରିଥିଲେ ।,"[-3.4437787532806396, 0.29932495951652527, -2.313462257385254, 0.26718753576278687, -3.892397880554199, -3.338123083114624]"
ori_1488dc9c9be71cff73fa19db405b71dd,"ମୋଦୀ ଟ୍ବିଟ୍ କରି କହିଛନ୍ତି , ଆମର ଯୁବସୁଲଭ ତଥା ଉତ୍ସର୍ଗୀକୃତ କ୍ୟାବିନେଟ୍ ମନ୍ତ୍ରୀ ଧର୍ମେନ୍ଦ୍ର ପ୍ରଧାନଙ୍କୁ ଜନ୍ମଦିନ ଶୁଭେଚ୍ଛା ।",0,0,0,0,0,0,ori,"[LANG=ori] ମୋଦୀ ଟ୍ବିଟ୍ କରି କହିଛନ୍ତି , ଆମର ଯୁବସୁଲଭ ତଥା ଉତ୍ସର୍ଗୀକୃତ କ୍ୟାବିନେଟ୍ ମନ୍ତ୍ରୀ ଧର୍ମେନ୍ଦ୍ର ପ୍ରଧାନଙ୍କୁ ଜନ୍ମଦିନ ଶୁଭେଚ୍ଛା ।","[-2.7663614749908447, -2.9187769889831543, -4.306644916534424, -3.7901504039764404, -3.573413372039795, -3.6830036640167236]"
ori_c46115ed73a80e642e172d7ace556e25,"ପୁରୀ ତାଳବଣିଆଠାରେ ଆୟୋଜିତ ବିଜେପିର ଜବାବ ମାଗୁଛି ଆଦିବାସୀ କାର୍ଯ୍ୟକ୍ରମରେ ଯୋଗ ଦେଇ ଶାହ କହିଥିଲେ , ବାଜପେୟୀଙ୍କ ସମୟରୁ ବିଜେପି ସରକାର ଆଦିବାସୀଙ୍କୁ ଅଗ୍ରାଧିକାର ଦେଇଆସୁଛି ।",0,0,0,0,0,0,ori,"[LANG=ori] ପୁରୀ ତାଳବଣିଆଠାରେ ଆୟୋଜିତ ବିଜେପିର ଜବାବ ମାଗୁଛି ଆଦିବାସୀ କାର୍ଯ୍ୟକ୍ରମରେ ଯୋଗ ଦେଇ ଶାହ କହିଥିଲେ , ବାଜପେୟୀଙ୍କ ସମୟରୁ ବିଜେପି ସରକାର ଆଦିବାସୀଙ୍କୁ ଅଗ୍ରାଧିକାର ଦେଇଆସୁଛି ।","[-0.8148306012153625, -1.9679723978042603, -3.1950626373291016, -2.176802396774292, -3.139559507369995, -3.0469536781311035]"
ori_c114bc601f36ebf170d1e9f98d5a0a2d,ଶୁକ୍ରବାର ସକାଳ ୯ଟାରେ ମର ଶରୀରକୁ ବିଜେପି ମୁଖ୍ୟାଳୟକୁ ନିଆଯିବ ଏବଂ ସେଠାରେ ଜନସାଧାରଣ ଅନ୍ତିମ ଦର୍ଶନ କରିପାରିବେ ।,0,0,0,0,0,0,ori,[LANG=ori] ଶୁକ୍ରବାର ସକାଳ ୯ଟାରେ ମର ଶରୀରକୁ ବିଜେପି ମୁଖ୍ୟାଳୟକୁ ନିଆଯିବ ଏବଂ ସେଠାରେ ଜନସାଧାରଣ ଅନ୍ତିମ ଦର୍ଶନ କରିପାରିବେ ।,"[-3.5867440700531006, -3.646686315536499, -3.25044322013855, -3.680875301361084, -3.837538480758667, -3.956284999847412]"
ori_aa746834a954e64368e895fa01d07b91,@USER @USER କେନ୍ଦ୍ରାପଡ଼ା ରେ ହୁଏନି। Eastern side ରେ ମଧ୍ୟ ଆମିଷ ବର୍ଜନ। କିଛି ଲୋକ ଶକ୍ତି ଉପାସନା ର ପରମ୍ପରା ଭୁଲିଗଲେଣି।,1,0,0,0,0,0,ori,[LANG=ori] @USER @USER କେନ୍ଦ୍ରାପଡ଼ା ରେ ହୁଏନି। Eastern side ରେ ମଧ୍ୟ ଆମିଷ ବର୍ଜନ। କିଛି ଲୋକ ଶକ୍ତି ଉପାସନା ର ପରମ୍ପରା ଭୁଲିଗଲେଣି।,"[-1.6417250633239746, -2.1771020889282227, -4.723133563995361, -3.339094400405884, -2.531343936920166, -1.2220180034637451]"
ori_6ee7dcb66cb9d38593e989e09e0bb09c,ମରହଟ୍ଟାଶାସକ ରଘୁଜୀ ଭୋଁସଲା ବା ତାଙ୍କ ପ୍ରତିନିଧି ମୀର୍ ହବିବ୍ଙ୍କ ସମୟରୁ ଶ୍ରୀମନ୍ଦିର ଉପରେ ଆଉ ଆକ୍ରମଣ ହୋଇନଥିଲା ।,0,0,0,0,0,0,ori,[LANG=ori] ମରହଟ୍ଟାଶାସକ ରଘୁଜୀ ଭୋଁସଲା ବା ତାଙ୍କ ପ୍ରତିନିଧି ମୀର୍ ହବିବ୍ଙ୍କ ସମୟରୁ ଶ୍ରୀମନ୍ଦିର ଉପରେ ଆଉ ଆକ୍ରମଣ ହୋଇନଥିଲା ।,"[-1.692837119102478, -1.732176661491394, -3.4941904544830322, -1.8344511985778809, -2.759746789932251, -2.392049551010132]"
ori_fca8fc39abf4207eb93cd93fd51726fb,"ସୂଚନାଯୋଗ୍ୟ ଯେ , ପାକିସ୍ତାନ ପ୍ରଧାନମନ୍ତ୍ରୀ ଇମ୍ରାନ୍ ଖାନ୍ ଜାତିସଂଘର ସାଧାରଣ ଅଧିବେଶନରେ କଶ୍ମୀର ପ୍ରସଙ୍ଗ ଉଠାଇବେ ବୋଲି କହିଛନ୍ତି ।",0,0,0,0,0,0,ori,"[LANG=ori] ସୂଚନାଯୋଗ୍ୟ ଯେ , ପାକିସ୍ତାନ ପ୍ରଧାନମନ୍ତ୍ରୀ ଇମ୍ରାନ୍ ଖାନ୍ ଜାତିସଂଘର ସାଧାରଣ ଅଧିବେଶନରେ କଶ୍ମୀର ପ୍ରସଙ୍ଗ ଉଠାଇବେ ବୋଲି କହିଛନ୍ତି ।","[-4.181004047393799, -3.0724124908447266, -3.2281529903411865, -3.5330324172973633, -4.051530838012695, -3.54520320892334]"
ori_1287b0d496702b3e9e275d6d8154b76d,ହତ୍ୟାକାଣ୍ଡ ପଛରେ ବିଜେଡି କର୍ମୀଙ୍କ ହାତ ଥିବା ବିଜେପି ଅଭିଯୋଗ କରିଥିଲା।,0,1,0,1,0,0,ori,[LANG=ori] ହତ୍ୟାକାଣ୍ଡ ପଛରେ ବିଜେଡି କର୍ମୀଙ୍କ ହାତ ଥିବା ବିଜେପି ଅଭିଯୋଗ କରିଥିଲା।,"[0.14463652670383453, 0.6835627555847168, -1.850754976272583, -0.400591105222702, -3.0963892936706543, -4.564819812774658]"
ori_dd61d48b00dd8e4c999374a68638a2bb,ଦଳିତ ଆଇନକୁ ସରକାର ଜାଣିଶୁଣି କୋହଳ କରୁଛନ୍ତି ବୋଲି ବିରୋଧୀ ଦଳ ପକ୍ଷରୁ ଅଭିଯୋଗ ହୋଇଥିଲା।,0,1,0,0,0,0,ori,[LANG=ori] ଦଳିତ ଆଇନକୁ ସରକାର ଜାଣିଶୁଣି କୋହଳ କରୁଛନ୍ତି ବୋଲି ବିରୋଧୀ ଦଳ ପକ୍ଷରୁ ଅଭିଯୋଗ ହୋଇଥିଲା।,"[0.52094966173172, 0.8735910058021545, -2.9054505825042725, 1.2290616035461426, -1.7737925052642822, -1.319173812866211]"
ori_e517534bbaf176153ce6160c8e6ca1e1,ଅମରନାଥ ଯାତ୍ରୀଙ୍କ ଉପରେ ଆତଙ୍କବାଦୀ ଆକ୍ରମଣକୁ ଦୃଷ୍ଟିରେ ରଖି ରାଜ୍ୟ ସରକାର ସବୁ ବୟସ ବର୍ଗର ଅଭ୍ୟାସ ଶିବିରକୁ ଅନର୍ଦ୍ଦିଷ୍ଟ କାଳ ପାଇଁ ଘୁଞ୍ଚାଇ ଦେବାକୁ ନିଷ୍ପତ୍ତି ନେଇଥିଲେ ।,0,0,0,0,0,0,ori,[LANG=ori] ଅମରନାଥ ଯାତ୍ରୀଙ୍କ ଉପରେ ଆତଙ୍କବାଦୀ ଆକ୍ରମଣକୁ ଦୃଷ୍ଟିରେ ରଖି ରାଜ୍ୟ ସରକାର ସବୁ ବୟସ ବର୍ଗର ଅଭ୍ୟାସ ଶିବିରକୁ ଅନର୍ଦ୍ଦିଷ୍ଟ କାଳ ପାଇଁ ଘୁଞ୍ଚାଇ ଦେବାକୁ ନିଷ୍ପତ୍ତି ନେଇଥିଲେ ।,"[-3.724456548690796, -3.2435784339904785, -3.5679197311401367, -3.647094249725342, -3.9844400882720947, -4.011185646057129]"
ori_01efad9dfdd6c398176e2171149d9fd7,କେବଳ କଂଗ୍ରେସ ଯୋଗୁ ଭାରତ ଏକ ଧର୍ମନିରପେକ୍ଷ ସାଧାରଣତନ୍ତ୍ରରେ ପରିଣତ ହୋଇଛି ।,0,0,0,0,0,0,ori,[LANG=ori] କେବଳ କଂଗ୍ରେସ ଯୋଗୁ ଭାରତ ଏକ ଧର୍ମନିରପେକ୍ଷ ସାଧାରଣତନ୍ତ୍ରରେ ପରିଣତ ହୋଇଛି ।,"[0.22826948761940002, -1.979769229888916, -4.13009786605835, -1.141357421875, -4.255018711090088, -1.8137274980545044]"
ori_b99b0b30a727046e536dc75a9aa9100e,"ସମର୍ଥକମାନଙ୍କ ଠାରୁ ଅଭିଯୋଗ ପାଇଁ ଉତ୍କ୍ଷିପ୍ତ ସୁରେନ୍ଦ୍ର ସିଂହ କହିଲେଃ ଯଦି ସରକାରୀ ଅଧିକାରୀମାନେ ତୁମକୁ ଲାଞ୍ଚ ମାଗୁଛନ୍ତି , ସେମାନଙ୍କୁ ଖୁବ୍ ମାଡ଼ ଦିଅ ।",0,0,0,0,0,0,ori,"[LANG=ori] ସମର୍ଥକମାନଙ୍କ ଠାରୁ ଅଭିଯୋଗ ପାଇଁ ଉତ୍କ୍ଷିପ୍ତ ସୁରେନ୍ଦ୍ର ସିଂହ କହିଲେଃ ଯଦି ସରକାରୀ ଅଧିକାରୀମାନେ ତୁମକୁ ଲାଞ୍ଚ ମାଗୁଛନ୍ତି , ସେମାନଙ୍କୁ ଖୁବ୍ ମାଡ଼ ଦିଅ ।","[-2.9759867191314697, -0.17714948952198029, -2.868680953979492, 0.6433759927749634, -2.6124253273010254, -3.572021722793579]"
ori_0e56f5008595af8e963b1809fd005970,"ଭାରତରେ ଡ୍ରାଇଭରବିହୀନ ବସ୍: IIT ହାଇଦ୍ରାବାଦର AI ବିପ୍ଳବ  ଫିଲ୍ମରେ ଦେଖାଯାଇଥିବା ଡ୍ରାଇଭରବିହୀନ ଗାଡି ଆଜି ବାସ୍ତବରେ ଭାରତରେ ଉପଲବ୍ଧ! IIT ହାଇଦ୍ରାବାଦ ଏହି ଅଦ୍ଭୁତ ପ୍ରଯୁକ୍ତିବିଦ୍ୟା ବିକଶିତ କରିଛି, ଯାହା ଆସନ୍ତା ଦଶକରେ ଭାରତୀୟ ଯାନଚଳାଚଳ ବ୍ୟବସ୍ଥାକୁ ସମ୍ପୂର୍ଣ୍ଣ ବଦଳାଇ ଦେବ 2। ୧. କ’ଣ ଏହି ଡ୍ରାଇଭରବିହୀନ ପ୍ରଯୁକ୍ତିବିଦ୍ୟା? TiHAN…",0,0,0,0,0,0,ori,"[LANG=ori] ଭାରତରେ ଡ୍ରାଇଭରବିହୀନ ବସ୍: IIT ହାଇଦ୍ରାବାଦର AI ବିପ୍ଳବ  ଫିଲ୍ମରେ ଦେଖାଯାଇଥିବା ଡ୍ରାଇଭରବିହୀନ ଗାଡି ଆଜି ବାସ୍ତବରେ ଭାରତରେ ଉପଲବ୍ଧ! IIT ହାଇଦ୍ରାବାଦ ଏହି ଅଦ୍ଭୁତ ପ୍ରଯୁକ୍ତିବିଦ୍ୟା ବିକଶିତ କରିଛି, ଯାହା ଆସନ୍ତା ଦଶକରେ ଭାରତୀୟ ଯାନଚଳାଚଳ ବ୍ୟବସ୍ଥାକୁ ସମ୍ପୂର୍ଣ୍ଣ ବଦଳାଇ ଦେବ 2। ୧. କ’ଣ ଏହି ଡ୍ରାଇଭରବିହୀନ ପ୍ରଯୁକ୍ତିବିଦ୍ୟା? TiHAN…","[-3.5524396896362305, -3.5063955783843994, -3.823648452758789, -3.777397394180298, -3.867342948913574, -3.3967173099517822]"
ori_9f261066484b45be2ed141ed363f4f6e,"ଉଲ୍ଲେଖଯୋଗ୍ୟ , ଜଷ୍ଟିସ୍ ନାଗମୋହନ ଦାସ କମିଟି ଲିଙ୍ଗାୟତଙ୍କୁ ସ୍ୱତନ୍ତ୍ର ଧର୍ମର ମାନ୍ୟତା ମିଳିିବା ଉଚିତ ବୋଲି ରିପୋର୍ଟ ଦେବା ପରେ କର୍ଣ୍ଣାଟକ ସରକାର ଏହି ବିଲ୍କୁ ମଞ୍ଜୁରି ଦେଇଛନ୍ତି ।",1,0,0,0,0,0,ori,"[LANG=ori] ଉଲ୍ଲେଖଯୋଗ୍ୟ , ଜଷ୍ଟିସ୍ ନାଗମୋହନ ଦାସ କମିଟି ଲିଙ୍ଗାୟତଙ୍କୁ ସ୍ୱତନ୍ତ୍ର ଧର୍ମର ମାନ୍ୟତା ମିଳିିବା ଉଚିତ ବୋଲି ରିପୋର୍ଟ ଦେବା ପରେ କର୍ଣ୍ଣାଟକ ସରକାର ଏହି ବିଲ୍କୁ ମଞ୍ଜୁରି ଦେଇଛନ୍ତି ।","[-1.5250606536865234, -2.3822550773620605, -3.3406450748443604, -2.6088948249816895, -2.3466477394104004, -0.731192409992218]"
ori_eac567aeae77f4c0c38eee261be0fc41,ସାଧାରଣତଃ ହିନ୍ଦୁ ଧର୍ମରେ ବିଶ୍ୱାସ କରୁଥିବା ଲୋକ ସଂକଟରୁ ମୁକୁଳିବା ପାଇଁ ପବନପୁତ୍ର ହନୁମାନଙ୍କୁ ସ୍ମରଣ କରିଥାଏ ।,0,0,0,0,0,0,ori,[LANG=ori] ସାଧାରଣତଃ ହିନ୍ଦୁ ଧର୍ମରେ ବିଶ୍ୱାସ କରୁଥିବା ଲୋକ ସଂକଟରୁ ମୁକୁଳିବା ପାଇଁ ପବନପୁତ୍ର ହନୁମାନଙ୍କୁ ସ୍ମରଣ କରିଥାଏ ।,"[-2.883140802383423, -3.2031748294830322, -3.7873902320861816, -3.7787082195281982, -3.6060874462127686, -3.821807861328125]"
ori_131358f6e627823287e348b37b868af5,ସକଳ ଶକ୍ତିର ଅଧିକାରୀ ହୋଇଥିବାରୁ ଆଜିର ସମାଜରେ ବସବାସ କରୁଥିବା ଅଧିବାସୀମାନେ ବିଭିନ୍ନ ପ୍ରକାରର ସୁକର୍ମ ଓ କୁକର୍ମରେ ଲିପ୍ତରହି ଜଗତରନାଥ ଜଗନ୍ନାଥଙ୍କୁ ଭୁଲିଯାଉଛନ୍ତି ।,0,1,0,1,0,0,ori,[LANG=ori] ସକଳ ଶକ୍ତିର ଅଧିକାରୀ ହୋଇଥିବାରୁ ଆଜିର ସମାଜରେ ବସବାସ କରୁଥିବା ଅଧିବାସୀମାନେ ବିଭିନ୍ନ ପ୍ରକାରର ସୁକର୍ମ ଓ କୁକର୍ମରେ ଲିପ୍ତରହି ଜଗତରନାଥ ଜଗନ୍ନାଥଙ୍କୁ ଭୁଲିଯାଉଛନ୍ତି ।,"[0.07972735911607742, -1.1939165592193604, -3.7485849857330322, -1.7686127424240112, -2.2461507320404053, -2.2714529037475586]"
ori_9409ce5f8cad5caeb503b1c83ec828f3,"ସବୁ ଧର୍ମ , ଜାତି ଓ ଲିଙ୍ଗଭେଦ ନିର୍ବିଶେଷରେ ସମସ୍ତଙ୍କ କଲ୍ୟାଣ କରିବା ଆମର ଲକ୍ଷ୍ୟ ।",0,0,0,0,0,0,ori,"[LANG=ori] ସବୁ ଧର୍ମ , ଜାତି ଓ ଲିଙ୍ଗଭେଦ ନିର୍ବିଶେଷରେ ସମସ୍ତଙ୍କ କଲ୍ୟାଣ କରିବା ଆମର ଲକ୍ଷ୍ୟ ।","[-3.4444503784179688, -3.5379040241241455, -3.4421424865722656, -3.729435920715332, -3.748471975326538, -3.775613307952881]"
ori_b0a321799a369c0384113bac909d21b1,@USER @USER ଧନ୍ୟବାଦ ସାରେ 🙏🙏🙏ବିଦେଶୀ କବି ସ୍ମୃତି କୁ ଜନ୍ମ ଦିନର ଶୁଭେଚ୍ଛା,0,0,0,0,0,0,ori,[LANG=ori] @USER @USER ଧନ୍ୟବାଦ ସାରେ 🙏🙏🙏ବିଦେଶୀ କବି ସ୍ମୃତି କୁ ଜନ୍ମ ଦିନର ଶୁଭେଚ୍ଛା,"[-3.59143328666687, -3.338228225708008, -3.5588316917419434, -3.99526047706604, -3.602266550064087, -3.602055311203003]"
ori_ef36f4a04af30c1f3619c35d0b98c59f,ସାଲେପୁର ନିର୍ବାଚନ ମଣ୍ଡଳୀର ଭାଜପା ବିଧାୟକ ପ୍ରାର୍ଥୀ ପ୍ରକାଶ ଚନ୍ଦ୍ର ବେହେରା କାର୍ଯ୍ୟକ୍ରମରେ ସାମିଲ ହୋଇ ଧର୍ମ ନଁାରେ ହୀନ ରାଜନୀତି ନ କରିବା ପାଇଁ ଲୋକଙ୍କୁ ପରାମର୍ଶ ଦେଇଥିଲେ ।,0,0,0,0,0,0,ori,[LANG=ori] ସାଲେପୁର ନିର୍ବାଚନ ମଣ୍ଡଳୀର ଭାଜପା ବିଧାୟକ ପ୍ରାର୍ଥୀ ପ୍ରକାଶ ଚନ୍ଦ୍ର ବେହେରା କାର୍ଯ୍ୟକ୍ରମରେ ସାମିଲ ହୋଇ ଧର୍ମ ନଁାରେ ହୀନ ରାଜନୀତି ନ କରିବା ପାଇଁ ଲୋକଙ୍କୁ ପରାମର୍ଶ ଦେଇଥିଲେ ।,"[-3.9167020320892334, -3.526102304458618, -3.4744672775268555, -3.588710308074951, -3.5323753356933594, -3.499957799911499]"
ori_a2a71fd372885eabaac38601fe869b67,@USER @USER ପ୍ରତ୍ୟେକ ରାଜନୀତିକ କର୍ମୀ ଲୋକଙ୍କ ସହିତ ସମ୍ପର୍କ ଯୋଡି ନିଜବିବେକ ର କଥା ଶୁଣି କର୍ମକରିବା ଆବଶ୍ୟକ,0,0,0,0,0,0,ori,[LANG=ori] @USER @USER ପ୍ରତ୍ୟେକ ରାଜନୀତିକ କର୍ମୀ ଲୋକଙ୍କ ସହିତ ସମ୍ପର୍କ ଯୋଡି ନିଜବିବେକ ର କଥା ଶୁଣି କର୍ମକରିବା ଆବଶ୍ୟକ,"[-2.4856455326080322, -3.2994771003723145, -3.9859626293182373, -3.7244699001312256, -3.715426206588745, -3.5573153495788574]"
ori_2b0c994897a2ecb6846100b1920c8054,@USER ନାହିଁରେ ମା'!ଆଜିକାଲି ଭଲ ଉଦ୍ଦେଶ୍ଯ ରଖି କିଛି ଉପଦେଶ ଦେଲେ ଅହଂକାର ପ୍ରପୀଡିତ ପିଲାଙ୍କୁ ବାଧୁଛି।ତୁମ ବିନମ୍ରତା ପାଇଁ ଆଶୀର୍ବାଦ ତଥା ଧନ୍ୟବାଦ।,1,0,0,0,0,0,ori,[LANG=ori] @USER ନାହିଁରେ ମା'!ଆଜିକାଲି ଭଲ ଉଦ୍ଦେଶ୍ଯ ରଖି କିଛି ଉପଦେଶ ଦେଲେ ଅହଂକାର ପ୍ରପୀଡିତ ପିଲାଙ୍କୁ ବାଧୁଛି।ତୁମ ବିନମ୍ରତା ପାଇଁ ଆଶୀର୍ବାଦ ତଥା ଧନ୍ୟବାଦ।,"[-3.4742064476013184, -3.5164058208465576, -3.7423479557037354, -3.7785844802856445, -3.076162099838257, -3.320547580718994]"
ori_bc72af803bf34fed7bcf0d801426c5a5,"ଟେ୍ବଣ୍ଟି - ୨୦ ଆନ୍ତର୍ଜାତିକରେ ଏହା ପୂର୍ବରୁ ସର୍ବାଧିକ ବ୍ୟକ୍ତିଗତ ସ୍କୋର୍ କୀର୍ତିମାନ ( ୧୫୬ ରନ୍ , ୨୦୧୩ରେ ଇଂଲଣ୍ଡ ବିପକ୍ଷରେ ) ଫିଞ୍ଚ୍ଙ୍କ ନାମରେ ରହିଥିଲା ।",0,0,0,0,0,0,ori,"[LANG=ori] ଟେ୍ବଣ୍ଟି - ୨୦ ଆନ୍ତର୍ଜାତିକରେ ଏହା ପୂର୍ବରୁ ସର୍ବାଧିକ ବ୍ୟକ୍ତିଗତ ସ୍କୋର୍ କୀର୍ତିମାନ ( ୧୫୬ ରନ୍ , ୨୦୧୩ରେ ଇଂଲଣ୍ଡ ବିପକ୍ଷରେ ) ଫିଞ୍ଚ୍ଙ୍କ ନାମରେ ରହିଥିଲା ।","[-3.3884356021881104, -3.425662040710449, -3.344630479812622, -3.5853214263916016, -3.6194334030151367, -3.697188377380371]"
ori_2541229354b1629a3b6488b297e86fbf,"ଆମୀୟ ପାଣ୍ଡବ , ଯୁବ ନେତା ବହୁବାଦରେ ବିଶ୍ୱାସ ରଖୁଥିବା ଦେଶରେ ଏଭଳି କାର୍ଯ୍ୟ ଗ୍ରହଣୀୟ ନୁହେଁ ବିଜେପି ହିନ୍ଦୁ ଧର୍ମର ରକ୍ଷକ ବୋଲି ଦାବି କରେ ।",0,0,0,1,0,0,ori,"[LANG=ori] ଆମୀୟ ପାଣ୍ଡବ , ଯୁବ ନେତା ବହୁବାଦରେ ବିଶ୍ୱାସ ରଖୁଥିବା ଦେଶରେ ଏଭଳି କାର୍ଯ୍ୟ ଗ୍ରହଣୀୟ ନୁହେଁ ବିଜେପି ହିନ୍ଦୁ ଧର୍ମର ରକ୍ଷକ ବୋଲି ଦାବି କରେ ।","[-0.13865171372890472, 0.37168869376182556, -3.8014745712280273, 2.6025142669677734, -1.791102409362793, -1.6874223947525024]"
ori_54568666c26838a1469556c1f891398f,କିଛି ଲୋକ ବୁଝିପାରନ୍ତି ନାହିଁ ଯେ ଭାରତ ଗୋଟିଏ ଗଣତନ୍ତ୍ର ଓ ସମ୍ବିଧାନ ସମସ୍ତଙ୍କୁ ନିଜ ମତବ୍ଯକ୍ତ କରିବାପାଇଁ ସ୍ବାଧୀନତା ଦେଇଛି। ତେଣୁ ଅନ୍ୟ ନାଗରିକଙ୍କୁ ଅମୁକ ପନ୍ଥୀ ବା ସମୁକ ପନ୍ଥୀ କହି ଗାଳିଗୁଲଜ କରିବା ମୁର୍ଖାମିର ପରିଚୟ। ତର୍କ ଓ ଦର୍ଶନ ଭିତ୍ତିରେ ନିଜ ଆଦର୍ଶକୁ ସାବ୍ୟସ୍ତ କରାଯାଇପାରେ। ସେଥିପାଇଁ ଆବଶ୍ୟକ ଧୈର୍ଯ୍ୟ ଓ ସାହାସ।,0,0,0,0,0,0,ori,[LANG=ori] କିଛି ଲୋକ ବୁଝିପାରନ୍ତି ନାହିଁ ଯେ ଭାରତ ଗୋଟିଏ ଗଣତନ୍ତ୍ର ଓ ସମ୍ବିଧାନ ସମସ୍ତଙ୍କୁ ନିଜ ମତବ୍ଯକ୍ତ କରିବାପାଇଁ ସ୍ବାଧୀନତା ଦେଇଛି। ତେଣୁ ଅନ୍ୟ ନାଗରିକଙ୍କୁ ଅମୁକ ପନ୍ଥୀ ବା ସମୁକ ପନ୍ଥୀ କହି ଗାଳିଗୁଲଜ କରିବା ମୁର୍ଖାମିର ପରିଚୟ। ତର୍କ ଓ ଦର୍ଶନ ଭିତ୍ତିରେ ନିଜ ଆଦର୍ଶକୁ ସାବ୍ୟସ୍ତ କରାଯାଇପାରେ। ସେଥିପାଇଁ ଆବଶ୍ୟକ ଧୈର୍ଯ୍ୟ ଓ ସାହାସ।,"[-2.6022226810455322, -2.738342761993408, -2.6090240478515625, -2.6063730716705322, -2.960921287536621, -3.0167863368988037]"
ori_ecdbe9ae6c4c54880a7988f29605590c,ଧର୍ମର ରାସ୍ତାରେ ଚାଲି ସମାଜକୁ ଠିକଣା ଦିଗଦର୍ଶନ ଦେବାକୁ ସେ ସାହିତ୍ୟିକମାନଙ୍କୁ ପରାମର୍ଶ ଦେଇଥିଲେ ।,0,0,0,0,0,0,ori,[LANG=ori] ଧର୍ମର ରାସ୍ତାରେ ଚାଲି ସମାଜକୁ ଠିକଣା ଦିଗଦର୍ଶନ ଦେବାକୁ ସେ ସାହିତ୍ୟିକମାନଙ୍କୁ ପରାମର୍ଶ ଦେଇଥିଲେ ।,"[-2.1225037574768066, -3.391385316848755, -4.263490200042725, -3.2609806060791016, -3.6049647331237793, -3.742368698120117]"
ori_a57671d9f0b8c64dba8579ff493d00f8,ଆଜିର ‘ସମାଜ ପୋର୍ଟାଲ୍’ସର୍ଭେ ରିପୋର୍ଟ ପ୍ରଶ୍ନକେନ୍ଦ୍ର ଗୃହ ମନ୍ତ୍ରୀ ଅମିତ ଶାହଙ୍କ ଓଡ଼ିଶା ଗସ୍ତରୁ ବିଜେପିକୁ ମିିଳିବ କି ରାଜ୍ୟନୈତିକ ଫାଇଦା?,0,0,0,0,0,0,ori,[LANG=ori] ଆଜିର ‘ସମାଜ ପୋର୍ଟାଲ୍’ସର୍ଭେ ରିପୋର୍ଟ ପ୍ରଶ୍ନକେନ୍ଦ୍ର ଗୃହ ମନ୍ତ୍ରୀ ଅମିତ ଶାହଙ୍କ ଓଡ଼ିଶା ଗସ୍ତରୁ ବିଜେପିକୁ ମିିଳିବ କି ରାଜ୍ୟନୈତିକ ଫାଇଦା?,"[-1.8089964389801025, -3.296152114868164, -4.281250953674316, -2.6330389976501465, -3.4859328269958496, -3.5819008350372314]"
ori_bc768aa78b48e35f1a62e9b588916526,@USER କଣ ଦୁଇଟା ଭୋଟ ଦେଲ...,0,0,0,0,0,0,ori,[LANG=ori] @USER କଣ ଦୁଇଟା ଭୋଟ ଦେଲ...,"[-2.658116340637207, -3.3402440547943115, -4.071897983551025, -3.6376829147338867, -3.870168685913086, -1.9963223934173584]"
ori_cbfe7282b8ec20683c6b8d4c249d50e5,ସେହିପରି ଅମରପ୍ରସାଦ ଶତପଥୀ କୃଷି ମନ୍ତ୍ରୀ ଥିବା ସମୟରେ ବାଦାମ ବିହନ ଦୁର୍ନୀତି ଅଭିଯୋଗ ସାରା ରାଜ୍ୟରେ ଚର୍ଚ୍ଚାର ବିଷୟ ହୋଇଥିଲା ।,0,0,0,0,0,0,ori,[LANG=ori] ସେହିପରି ଅମରପ୍ରସାଦ ଶତପଥୀ କୃଷି ମନ୍ତ୍ରୀ ଥିବା ସମୟରେ ବାଦାମ ବିହନ ଦୁର୍ନୀତି ଅଭିଯୋଗ ସାରା ରାଜ୍ୟରେ ଚର୍ଚ୍ଚାର ବିଷୟ ହୋଇଥିଲା ।,"[-3.396615505218506, -2.705355167388916, -2.7219083309173584, -3.5681958198547363, -4.114496231079102, -2.3206095695495605]"
ori_18a15035acbf413b3fde2df4253d2050,ଅଭିଯୁକ୍ତ ମନୋଜ ଏକ ଧାରୁଆ ଅସ୍ତ୍ର ସାହାଯ୍ୟରେ ଦୁଇଜଣ ମହିଳାଙ୍କ ସମେତ ଅନ୍ୟ ୩ ଜଣଙ୍କୁ ମରଣାନ୍ତକ ଆକ୍ରମଣ କରିଛନ୍ତି ।,0,0,0,0,0,0,ori,[LANG=ori] ଅଭିଯୁକ୍ତ ମନୋଜ ଏକ ଧାରୁଆ ଅସ୍ତ୍ର ସାହାଯ୍ୟରେ ଦୁଇଜଣ ମହିଳାଙ୍କ ସମେତ ଅନ୍ୟ ୩ ଜଣଙ୍କୁ ମରଣାନ୍ତକ ଆକ୍ରମଣ କରିଛନ୍ତି ।,"[-3.5394792556762695, -3.3355941772460938, -3.1509480476379395, -3.5024375915527344, -3.476804256439209, -3.7620983123779297]"
ori_d347e7323478d5f2f587c7e6734d8273,@USER ହଁ ପରା। ମୁଁ ବି ଜାଣିନଥିଲି। ଖେଳକୁ ପରିଚୟ ଦେଇଦେଲେ।,0,0,0,0,0,0,ori,[LANG=ori] @USER ହଁ ପରା। ମୁଁ ବି ଜାଣିନଥିଲି। ଖେଳକୁ ପରିଚୟ ଦେଇଦେଲେ।,"[-3.6674108505249023, -3.279578924179077, -3.6821014881134033, -4.040521621704102, -3.872960090637207, -3.1711463928222656]"
ori_4212775b204611fca783ea36508a22d3,ତେଣୁ ସେମାନଙ୍କୁ ସମାଜରେ ମୁଖ୍ୟ ସ୍ରୋତରେ ସାମିଲ କରି ସାଧାରଣ ଲୋକ ଭାବେ ବଂଚିବାର ସୁଯୋଗ ଦେବାକୁ ସ୍ବତନ୍ତ୍ର ସରକାରୀ ନିୟମର ଆବଶ୍ୟକତା ରହିଛି ।,0,0,0,0,0,0,ori,[LANG=ori] ତେଣୁ ସେମାନଙ୍କୁ ସମାଜରେ ମୁଖ୍ୟ ସ୍ରୋତରେ ସାମିଲ କରି ସାଧାରଣ ଲୋକ ଭାବେ ବଂଚିବାର ସୁଯୋଗ ଦେବାକୁ ସ୍ବତନ୍ତ୍ର ସରକାରୀ ନିୟମର ଆବଶ୍ୟକତା ରହିଛି ।,"[-3.3767409324645996, -3.2436273097991943, -3.1322100162506104, -3.830866575241089, -3.626383066177368, -3.0740911960601807]"
ori_b2c4a0699fe540e25b4d4a7385cf1521,ସରକାରୀ ସ୍କଲରେ ଏକ ସ୍ବତନ୍ତ୍ର ଧର୍ମର ପ୍ରାର୍ଥନା କରାଇବାରୁ ତାଙ୍କ ଉପରେ ଏଭଳି କାର୍ଯ୍ୟାନୁଷ୍ଠାନ ନିଆଯାଇଛି ବୋଲି ଜିଲାପାଳ କହିଛନ୍ତି ।,0,0,0,0,0,0,ori,[LANG=ori] ସରକାରୀ ସ୍କଲରେ ଏକ ସ୍ବତନ୍ତ୍ର ଧର୍ମର ପ୍ରାର୍ଥନା କରାଇବାରୁ ତାଙ୍କ ଉପରେ ଏଭଳି କାର୍ଯ୍ୟାନୁଷ୍ଠାନ ନିଆଯାଇଛି ବୋଲି ଜିଲାପାଳ କହିଛନ୍ତି ।,"[0.18809671700000763, -1.5335806608200073, -5.126974582672119, -1.172551155090332, -0.6233007311820984, -0.9440519213676453]"
ori_6bbdc05d07ba0e820b95a34593f9b2e6,"@USER ଭାଷାରେ ଟିକେ ଶାଳୀନତା ରଖନ୍ତୁ,madam । ଆପଣଙ୍କ ଭଳି ଉଛଶିକ୍ଷିତା ନାରୀ ଙ୍କୁ ଏ ସବୁ ଶୋଭାପାଉନି ।।",0,1,0,0,0,0,ori,"[LANG=ori] @USER ଭାଷାରେ ଟିକେ ଶାଳୀନତା ରଖନ୍ତୁ,madam । ଆପଣଙ୍କ ଭଳି ଉଛଶିକ୍ଷିତା ନାରୀ ଙ୍କୁ ଏ ସବୁ ଶୋଭାପାଉନି ।।","[-1.553534984588623, -2.9424731731414795, -4.184108734130859, -2.9814305305480957, -3.6780223846435547, -2.5774919986724854]"
ori_fa1427c53069d2b2de662cd1d28d0f51,@USER ତୋର ଦୁଇ ଟଙ୍କିଆ ଦରମା ବାଲା ମୁଣ୍ଡ ତେଣୁ ତୁ ସେମିତି ଚିନ୍ତା କରି କରି ମରିବୁ!,0,0,0,0,0,0,ori,[LANG=ori] @USER ତୋର ଦୁଇ ଟଙ୍କିଆ ଦରମା ବାଲା ମୁଣ୍ଡ ତେଣୁ ତୁ ସେମିତି ଚିନ୍ତା କରି କରି ମରିବୁ!,"[-1.2226741313934326, -0.3771705627441406, -3.1952037811279297, -0.9098480939865112, -0.8320401310920715, -1.3440700769424438]"
ori_3c199c69268a658f702d39d345e78b09,ବିନା କୌଣସି ତଦନ୍ତରେ ପାକିସ୍ତାନ ଆକ୍ରମଣ ଘଟାଇଛି ବୋଲି ଭାରତ ସରକାର ଓ ଗଣମାଧ୍ୟମ ଆଣୁଥିବା ଅଭିଯୋଗକୁ ପାକିସ୍ତାନ ଅସ୍ୱୀକାର କରୁଛି ।,0,0,0,0,0,0,ori,[LANG=ori] ବିନା କୌଣସି ତଦନ୍ତରେ ପାକିସ୍ତାନ ଆକ୍ରମଣ ଘଟାଇଛି ବୋଲି ଭାରତ ସରକାର ଓ ଗଣମାଧ୍ୟମ ଆଣୁଥିବା ଅଭିଯୋଗକୁ ପାକିସ୍ତାନ ଅସ୍ୱୀକାର କରୁଛି ।,"[-4.263671875, -2.224825382232666, -3.3479833602905273, -2.589277744293213, -4.172660827636719, -3.0604090690612793]"
ori_3fb326cae74bdb31b2556f4121d4f43d,"ଯାହାକୁ ନେଇ ମୁଖ୍ୟମନ୍ତ୍ରୀ ଚାନ୍ଦବାଲି ବାସୀଙ୍କୁ ପ୍ରତାରଣା କରିବା ସହିତ ଫଟା କାନ୍ଥରେ ଚୁନ ଲେପି ସାଧାରଣ ଜନତାଙ୍କୁ ଭୁଆଁ ବୁଲାଇଛି , ଏହାକୁ କଂଗ୍ରେସ ଦଳ ତରଫରୁ ଘୋର ନିନ୍ଦା କରାଯାଇଛି ।",0,1,0,1,0,0,ori,"[LANG=ori] ଯାହାକୁ ନେଇ ମୁଖ୍ୟମନ୍ତ୍ରୀ ଚାନ୍ଦବାଲି ବାସୀଙ୍କୁ ପ୍ରତାରଣା କରିବା ସହିତ ଫଟା କାନ୍ଥରେ ଚୁନ ଲେପି ସାଧାରଣ ଜନତାଙ୍କୁ ଭୁଆଁ ବୁଲାଇଛି , ଏହାକୁ କଂଗ୍ରେସ ଦଳ ତରଫରୁ ଘୋର ନିନ୍ଦା କରାଯାଇଛି ।","[-1.781926155090332, 1.0046476125717163, -2.0637292861938477, 1.3155089616775513, -2.959023952484131, -3.520216464996338]"
ori_b408170f20344bccfc70cc371855176c,ସେ ଲୋକମାନଙ୍କୁ ନିବେଦନ କରିଛନ୍ତି ଯେ ସେମାନେ ନିଜ ନିଜର ଧର୍ମ ଓ ଜାତିର ସଂକୀର୍ଣ୍ଣ ଭାବନାର ଉର୍ଦ୍ଧ୍ଵକୁ ଉଠି ଜ୍ଞାନ ମାଧ୍ୟମରେ ଲୋକମାନଙ୍କୁ ଭଲ ପାଆନ୍ତୁ ଓ ଆଦର ସମ୍ମାନ କରନ୍ତୁ ।,0,0,0,0,0,0,ori,[LANG=ori] ସେ ଲୋକମାନଙ୍କୁ ନିବେଦନ କରିଛନ୍ତି ଯେ ସେମାନେ ନିଜ ନିଜର ଧର୍ମ ଓ ଜାତିର ସଂକୀର୍ଣ୍ଣ ଭାବନାର ଉର୍ଦ୍ଧ୍ଵକୁ ଉଠି ଜ୍ଞାନ ମାଧ୍ୟମରେ ଲୋକମାନଙ୍କୁ ଭଲ ପାଆନ୍ତୁ ଓ ଆଦର ସମ୍ମାନ କରନ୍ତୁ ।,"[-3.773894786834717, -3.195408821105957, -3.2326271533966064, -3.744602680206299, -3.937298059463501, -3.8881795406341553]"
ori_95bcb66b0f81a36e7a78c2b0cd957ee3,କାଲି ଆମର ଭୋଟ । ମୁଁ ଚାଲିଲି ଘରକୁ ।,0,0,0,0,0,0,ori,[LANG=ori] କାଲି ଆମର ଭୋଟ । ମୁଁ ଚାଲିଲି ଘରକୁ ।,"[-3.705537796020508, -3.1253397464752197, -3.422271251678467, -3.4860944747924805, -3.806065797805786, -3.2011139392852783]"
ori_6528acf44ebd4c84c7c92d4265e39d61,"ଗୋଟେ ସର୍ଭେରୁ ଜଣାପଡ଼ିଛି ବାହାଘରର ଗୋଟିଏ ମାସ ଭିତରେ ଝିଅମାନଙ୍କ ପାଟିରୁ ବାହାରୁଥିବା Aaah,aaaaashhhh,mmmmh,oh yeah,ohhhh baby!ଏ ସବୁ ଫେକ୍ ହେଇଥାଏ",1,1,0,1,0,0,ori,"[LANG=ori] ଗୋଟେ ସର୍ଭେରୁ ଜଣାପଡ଼ିଛି ବାହାଘରର ଗୋଟିଏ ମାସ ଭିତରେ ଝିଅମାନଙ୍କ ପାଟିରୁ ବାହାରୁଥିବା Aaah,aaaaashhhh,mmmmh,oh yeah,ohhhh baby!ଏ ସବୁ ଫେକ୍ ହେଇଥାଏ","[-1.3320765495300293, -2.556385040283203, -4.242259502410889, -2.4869024753570557, -3.010181427001953, -1.4060285091400146]"
ori_91944dc3098feef078c1f3445c03709c,"୨ . ଏହା ଏମିତି ଏକ ଗଣପର୍ବ ଯେଉଁଥିରେ ଜାତି , ବର୍ଣ , ଲିଂଗ , ଏପରିକି ଧର୍ମର ମଧ୍ୟ ବିଭେଦ ନଥାଏ ।",0,0,0,0,0,0,ori,"[LANG=ori] ୨ . ଏହା ଏମିତି ଏକ ଗଣପର୍ବ ଯେଉଁଥିରେ ଜାତି , ବର୍ଣ , ଲିଂଗ , ଏପରିକି ଧର୍ମର ମଧ୍ୟ ବିଭେଦ ନଥାଏ ।","[-3.400381565093994, -3.6057024002075195, -3.647153615951538, -3.702075719833374, -3.997504711151123, -3.6460585594177246]"
ori_f5c6caea76e13c08704deb8fd8c86a27,ମୋତେ ଓ ମୋ ସରକାରକୁ ସନ୍ତୋଷ ପ୍ରଦାନ କରିବାର ସବୁଠୁ ସରଳ ଉପାୟ ହେଉଛି ମିଶନ ଶକ୍ତି ଗ୍ରୁପ୍ଗୁଡିକର ଋଣ ଆବଶ୍ୟକତାକୁ ମର୍ଯ୍ୟାଦାଜନକ ଓ ବୃତ୍ତିଗତଭାବେ ପୂରଣ କରିବା ।,0,0,0,0,0,0,ori,[LANG=ori] ମୋତେ ଓ ମୋ ସରକାରକୁ ସନ୍ତୋଷ ପ୍ରଦାନ କରିବାର ସବୁଠୁ ସରଳ ଉପାୟ ହେଉଛି ମିଶନ ଶକ୍ତି ଗ୍ରୁପ୍ଗୁଡିକର ଋଣ ଆବଶ୍ୟକତାକୁ ମର୍ଯ୍ୟାଦାଜନକ ଓ ବୃତ୍ତିଗତଭାବେ ପୂରଣ କରିବା ।,"[-2.9309842586517334, -3.469316005706787, -3.7408604621887207, -4.046883583068848, -4.020350456237793, -3.4751152992248535]"
ori_b5dce04ba3322eb357ce571cb2c8130d,ଆପଣ ଭୁଲନ୍ତୁ ନାହିଁ ଯେ ଏହା ଏପରି ଏକ ପେସା ଯେଉଁ ପେଶାରେ ସମାଜର ପୂର୍ଣ୍ଣ ଅର୍ଥବ୍ୟବସ୍ଥାକୁ ବଂଚାଇ ରଖିବା ସ୍ଥିର ରଖିବାର ସାମର୍ଥ୍ୟ ରହିଛି ।,0,0,0,0,0,0,ori,[LANG=ori] ଆପଣ ଭୁଲନ୍ତୁ ନାହିଁ ଯେ ଏହା ଏପରି ଏକ ପେସା ଯେଉଁ ପେଶାରେ ସମାଜର ପୂର୍ଣ୍ଣ ଅର୍ଥବ୍ୟବସ୍ଥାକୁ ବଂଚାଇ ରଖିବା ସ୍ଥିର ରଖିବାର ସାମର୍ଥ୍ୟ ରହିଛି ।,"[-3.239234685897827, -3.584360361099243, -4.016982078552246, -3.218337059020996, -4.223930358886719, -3.0033910274505615]"
ori_a1ade33d6291727cd72382f7fc3c8ce2,ମା କଥାଚିତ୍ରର ବେଦନା ଓ ଉଦାସୀ ଗୀତଟି ପ୍ରଣବ ପଟ୍ଟନାୟକ ବୋଲିଥିଲେ କିନ୍ତୁ ଆଉ ଏକ ବିଷାଦାତ୍ମକ ଗୀତ ମଧ୍ୟ ଥିଲା। କବିଚନ୍ଦ୍ରଙ୍କ ଟ୍ରେଡ଼ମାର୍କ ଭାଷା ଓ ଭାବ ଆଉ ଅକ୍ଷୟ ମହାନ୍ତିଙ୍କ ଉଦାତ୍ତ କଣ୍ଠ। ରୀତି ଯୁଗର ସମସ୍ତ ରଚନାବଳୀକୁ ପଛରେ ପକାଇ ଦେଇ ସୃଷ୍ଟି ହେଲା ଓଡ଼ିଆ ସାହିତ୍ୟ ତଥା ସଙ୍ଗୀତର ନୂତନ କୋଣାର୍କ। m.youtube.com/watch?v=wMCu...,0,0,0,0,0,0,ori,[LANG=ori] ମା କଥାଚିତ୍ରର ବେଦନା ଓ ଉଦାସୀ ଗୀତଟି ପ୍ରଣବ ପଟ୍ଟନାୟକ ବୋଲିଥିଲେ କିନ୍ତୁ ଆଉ ଏକ ବିଷାଦାତ୍ମକ ଗୀତ ମଧ୍ୟ ଥିଲା। କବିଚନ୍ଦ୍ରଙ୍କ ଟ୍ରେଡ଼ମାର୍କ ଭାଷା ଓ ଭାବ ଆଉ ଅକ୍ଷୟ ମହାନ୍ତିଙ୍କ ଉଦାତ୍ତ କଣ୍ଠ। ରୀତି ଯୁଗର ସମସ୍ତ ରଚନାବଳୀକୁ ପଛରେ ପକାଇ ଦେଇ ସୃଷ୍ଟି ହେଲା ଓଡ଼ିଆ ସାହିତ୍ୟ ତଥା ସଙ୍ଗୀତର ନୂତନ କୋଣାର୍କ। m.youtube.com/watch?v=wMCu...,"[-3.2754502296447754, -3.6760618686676025, -3.793459892272949, -3.300952434539795, -4.1101555824279785, -3.308488368988037]"
ori_30fe6c2d330d23555cd69d93467954c2,"@USER ମାନବିକତାର ଶ୍ରେଷ୍ଠ ପରିଚୟ ହିଁ ଅନ୍ୟର ଖରାପ ସମୟରେ ସାହାଯ୍ୟ କରିବା, ମନ ଥିଲେ ଧନ ଆପେ ବାହାରି ସାହାଯ୍ୟ ପାଇଁ ହାତ ବଢ଼େଇବ ।",0,0,0,0,0,0,ori,"[LANG=ori] @USER ମାନବିକତାର ଶ୍ରେଷ୍ଠ ପରିଚୟ ହିଁ ଅନ୍ୟର ଖରାପ ସମୟରେ ସାହାଯ୍ୟ କରିବା, ମନ ଥିଲେ ଧନ ଆପେ ବାହାରି ସାହାଯ୍ୟ ପାଇଁ ହାତ ବଢ଼େଇବ ।","[-3.795785903930664, -3.6044256687164307, -3.48270583152771, -4.009983539581299, -3.769144058227539, -3.493115186691284]"
ori_e167a8f98bdbcd9a5842e6dab25ae0ea,"ସାବରିମାଳା ମନ୍ଦିରରେ ମହିଳାମାନେ ପ୍ରବେଶ କରିପାରିବେ ବୋଲି ସୁପ୍ରିମକୋର୍ଟ, ଯେତେବେଳେ ନିର୍ଦ୍ଦେଶ ଦେଲେ, ସେତେବେଳେ ଉଭୟ ବିଜେପି ଓ କଂଗ୍ରେସ ସମର୍ଥନ କରିଥିଲେ ।",0,0,0,0,0,0,ori,"[LANG=ori] ସାବରିମାଳା ମନ୍ଦିରରେ ମହିଳାମାନେ ପ୍ରବେଶ କରିପାରିବେ ବୋଲି ସୁପ୍ରିମକୋର୍ଟ, ଯେତେବେଳେ ନିର୍ଦ୍ଦେଶ ଦେଲେ, ସେତେବେଳେ ଉଭୟ ବିଜେପି ଓ କଂଗ୍ରେସ ସମର୍ଥନ କରିଥିଲେ ।","[-3.3014321327209473, -3.0763068199157715, -3.4006505012512207, -3.5795116424560547, -3.7014102935791016, -2.913266897201538]"
ori_f46bbbfd098bbe59b02faedbfa30d34b,ସପା ମୁଖ୍ୟ ତଥା ପୂର୍ବତନ ମୁଖ୍ୟମନ୍ତ୍ରୀ ଅଖିଳେଶ ଯାଦବ କହିଛନ୍ତି ଯେ ଆଗକୁ ସାଧାରଣ ନିର୍ବାଚନ ଥିବାବେଳେ ଯୋଗୀ ସରକାର ହିନ୍ଦୁ ସାଧୁମାନଙ୍କୁ ଲୋଭାନ୍ବିତ କରିବାପାଇଁ ଏଭଳି ଘୋଷଣା କରିଛନ୍ତି ।,1,0,0,0,0,0,ori,[LANG=ori] ସପା ମୁଖ୍ୟ ତଥା ପୂର୍ବତନ ମୁଖ୍ୟମନ୍ତ୍ରୀ ଅଖିଳେଶ ଯାଦବ କହିଛନ୍ତି ଯେ ଆଗକୁ ସାଧାରଣ ନିର୍ବାଚନ ଥିବାବେଳେ ଯୋଗୀ ସରକାର ହିନ୍ଦୁ ସାଧୁମାନଙ୍କୁ ଲୋଭାନ୍ବିତ କରିବାପାଇଁ ଏଭଳି ଘୋଷଣା କରିଛନ୍ତି ।,"[0.2480516880750656, 1.0412938594818115, -3.0139143466949463, 1.14887273311615, -1.6189910173416138, -1.9398170709609985]"
ori_2770aa11e20d31833958d177e9d61639,"ହରୋଦ ୟିହୂଦା ସମାଜର ସମସ୍ତ ପ୍ରମୁଖ ଯାଜକ ଏବଂ ଧର୍ମ ଶାସ୍ତ୍ରୀମାନଙ୍କର ଗୋଟିଏ ବୈଠକ ଡାକିଲେ। ସେ ସମାନଙ୍କେୁ ପଚାରିଲେ, ଖ୍ରୀଷ୍ଟ କେଉଁଠା ରେ ଜନ୍ମ ହବେେ?",0,0,0,0,0,0,ori,"[LANG=ori] ହରୋଦ ୟିହୂଦା ସମାଜର ସମସ୍ତ ପ୍ରମୁଖ ଯାଜକ ଏବଂ ଧର୍ମ ଶାସ୍ତ୍ରୀମାନଙ୍କର ଗୋଟିଏ ବୈଠକ ଡାକିଲେ। ସେ ସମାନଙ୍କେୁ ପଚାରିଲେ, ଖ୍ରୀଷ୍ଟ କେଉଁଠା ରେ ଜନ୍ମ ହବେେ?","[-0.5944442749023438, -2.275198459625244, -3.5733518600463867, -1.4497413635253906, -3.13354229927063, -2.4060637950897217]"
ori_6ebaabdccbae8bc4f7ab935cfc383ad8,@USER @USER ତଥାପି ବିରୋଧୀ ଦୁର୍ବଳ କାହିଁକି ?? ବିଜେପି ବିଭାଜିତ କାହିଁକି ??,0,0,0,0,0,1,ori,[LANG=ori] @USER @USER ତଥାପି ବିରୋଧୀ ଦୁର୍ବଳ କାହିଁକି ?? ବିଜେପି ବିଭାଜିତ କାହିଁକି ??,"[0.10923763364553452, -1.4351584911346436, -3.9334003925323486, 0.2184160351753235, -0.02351941354572773, 0.4098415970802307]"
ori_cab8c359b48daeae611b95ca895b6577,@USER ସବୁ ଦିନ ଖାଇଲେ ବି କିଛି ଅସୁବିଧା ନାହିଁ 😋😋😋😋,0,0,0,0,0,0,ori,[LANG=ori] @USER ସବୁ ଦିନ ଖାଇଲେ ବି କିଛି ଅସୁବିଧା ନାହିଁ 😋😋😋😋,"[-3.6963815689086914, -2.947782039642334, -3.576617479324341, -3.4985029697418213, -3.7368814945220947, -2.9095993041992188]"
ori_c3a7023031104793462cf4df712e01bb,ଓଡିଶା କାହା ପାଇଁ ବଞ୍ଚି ରହିଛି ?୧. ସାଧାରଣ ଲୋକଙ୍କ ପାଇଁ ତ ୨. ଓଡିଶା ସରକାର ୩. ମଦୁଆ୪. ରାଜ୍ୟ ସରକାର,0,0,0,1,0,0,ori,[LANG=ori] ଓଡିଶା କାହା ପାଇଁ ବଞ୍ଚି ରହିଛି ?୧. ସାଧାରଣ ଲୋକଙ୍କ ପାଇଁ ତ ୨. ଓଡିଶା ସରକାର ୩. ମଦୁଆ୪. ରାଜ୍ୟ ସରକାର,"[-0.23516730964183807, 1.7108875513076782, -2.88529372215271, 0.29995936155319214, -2.048675298690796, -1.7510950565338135]"
ori_1e6907a09a3782e1a20f3156c76a4612,ରାଜ୍ୟ ବିଜେପି ସାଧାରଣ ସମ୍ପାଦକ ରଂଜନ ପଟେଲ ଓ ରାଜ୍ୟ ଯୁବ ମୋର୍ଚ୍ଚା ସଂପାଦକ ଇରାଶିଷ ଆଚାର୍ଯ୍ୟଙ୍କ ଉପରେ ଆକ୍ରମଣ ହୋଇଛି ।,0,0,0,0,0,0,ori,[LANG=ori] ରାଜ୍ୟ ବିଜେପି ସାଧାରଣ ସମ୍ପାଦକ ରଂଜନ ପଟେଲ ଓ ରାଜ୍ୟ ଯୁବ ମୋର୍ଚ୍ଚା ସଂପାଦକ ଇରାଶିଷ ଆଚାର୍ଯ୍ୟଙ୍କ ଉପରେ ଆକ୍ରମଣ ହୋଇଛି ।,"[-4.1150689125061035, -3.354910373687744, -3.3582258224487305, -2.760550022125244, -3.4539573192596436, -4.14816951751709]"
ori_d9c77f19844dab4d8f482df18aa31b45,0 ସେୟାର ପରିବାରର କେହି ବୟସ୍କଙ୍କ ମୃତ୍ୟୁ ଘଟିଲେ ଘରର ପୁରୁଷଲୋକେ ଲଣ୍ଡା ହେବା କଥାଟି ହିନ୍ଦୁ ଧର୍ମର ବହୁ ପ୍ରଚଳିତ ପ୍ରଥା ।,0,0,0,0,0,0,ori,[LANG=ori] 0 ସେୟାର ପରିବାରର କେହି ବୟସ୍କଙ୍କ ମୃତ୍ୟୁ ଘଟିଲେ ଘରର ପୁରୁଷଲୋକେ ଲଣ୍ଡା ହେବା କଥାଟି ହିନ୍ଦୁ ଧର୍ମର ବହୁ ପ୍ରଚଳିତ ପ୍ରଥା ।,"[-3.1164255142211914, -3.6921684741973877, -3.470536470413208, -3.7824113368988037, -3.6781299114227295, -3.9541070461273193]"
ori_e48ba121270e30b8235e00b82271cab8,@USER ବିଦେଶୀ ଖାଇବା ଖାଇବାକୁ ଆମ ପାଖରେ ପଇସା ନାହିଁ ...ବଡ଼ ଲୋକ ତୁମେ 🤗,0,0,0,0,0,0,ori,[LANG=ori] @USER ବିଦେଶୀ ଖାଇବା ଖାଇବାକୁ ଆମ ପାଖରେ ପଇସା ନାହିଁ ...ବଡ଼ ଲୋକ ତୁମେ 🤗,"[-2.9408226013183594, -3.6130435466766357, -4.003859519958496, -3.624028205871582, -3.6736531257629395, -2.3812670707702637]"
ori_c89e8591e2f7491ae4f6de5b8ec0e79c,@USER @USER @USER ମାନବିକତା ର ପରିଚୟ 🙏🙏ଧନ୍ୟବାଦ ରାଜା sir 🙏🙏,0,0,0,0,0,0,ori,[LANG=ori] @USER @USER @USER ମାନବିକତା ର ପରିଚୟ 🙏🙏ଧନ୍ୟବାଦ ରାଜା sir 🙏🙏,"[-2.557811975479126, -3.3849875926971436, -3.9824938774108887, -3.2300682067871094, -4.002932071685791, -2.92887544631958]"
ori_454588826ebf3aded0f0ff7921c47063,ଏ ନେଇ କଂଗ୍ରେସ କହିଥିଲା ଯେ ବିଜେପି ଧର୍ମ ନାମରେ ରାଜନୀତି କରୁଛି ।,0,0,0,1,0,0,ori,[LANG=ori] ଏ ନେଇ କଂଗ୍ରେସ କହିଥିଲା ଯେ ବିଜେପି ଧର୍ମ ନାମରେ ରାଜନୀତି କରୁଛି ।,"[-0.3562588095664978, 0.9800190329551697, -3.025782346725464, 2.3810842037200928, -2.291055679321289, -2.9299354553222656]"
ori_91c6dda2cbd28c27a651b3be28b06039,@USER ପବିତ୍ର ଜନ୍ମାଷ୍ଟମୀ ର ହାର୍ଦ୍ଧିକ ଶୁଭେଚ୍ଛା ଓ ଶୁଭକାମନା 💐🚩🙏,0,0,0,0,0,0,ori,[LANG=ori] @USER ପବିତ୍ର ଜନ୍ମାଷ୍ଟମୀ ର ହାର୍ଦ୍ଧିକ ଶୁଭେଚ୍ଛା ଓ ଶୁଭକାମନା 💐🚩🙏,"[-3.4816296100616455, -3.080770969390869, -3.5827009677886963, -3.7999372482299805, -3.6278083324432373, -3.569004774093628]"
ori_203044b8e41cc239ac8257db1feb2f49,ପ୍ରାରମ୍ଭରୁ ମୋଦି ହରିଆଣା ହିଂସାକାଣ୍ଡକୁ ନିନ୍ଦା କରିବା ସହ ଧର୍ମ ନାମରେ ହିଂସା ଆଚରଣକୁ ଆଦୌ ବରଦାସ୍ତ କରାଯିବ ନାହିଁ ବୋଲି କହିଥିଲେ ।,0,0,0,1,0,0,ori,[LANG=ori] ପ୍ରାରମ୍ଭରୁ ମୋଦି ହରିଆଣା ହିଂସାକାଣ୍ଡକୁ ନିନ୍ଦା କରିବା ସହ ଧର୍ମ ନାମରେ ହିଂସା ଆଚରଣକୁ ଆଦୌ ବରଦାସ୍ତ କରାଯିବ ନାହିଁ ବୋଲି କହିଥିଲେ ।,"[-3.803764820098877, -2.8526391983032227, -3.1442251205444336, -3.0906119346618652, -4.0940117835998535, -4.015027046203613]"
ori_c320cdd44f6473f85eccf0153ef10d2d,"ଏହି କାର୍ଯ୍ୟକ୍ରମରେ କେନ୍ଦ୍ରମନ୍ତ୍ରୀ ଧର୍ମେନ୍ଦ୍ର ପ୍ରଧାନ, ରାଜ୍ୟ ବିଜେପି ପ୍ରଭାରୀ ଅରୁଣ ସିଂହ, ରାଜ୍ୟ ବିଜେପି ସଭାପତି ବସନ୍ତ ପଣ୍ଡା ଉପସ୍ଥିତ ଥିଲେ।",0,0,0,0,0,0,ori,"[LANG=ori] ଏହି କାର୍ଯ୍ୟକ୍ରମରେ କେନ୍ଦ୍ରମନ୍ତ୍ରୀ ଧର୍ମେନ୍ଦ୍ର ପ୍ରଧାନ, ରାଜ୍ୟ ବିଜେପି ପ୍ରଭାରୀ ଅରୁଣ ସିଂହ, ରାଜ୍ୟ ବିଜେପି ସଭାପତି ବସନ୍ତ ପଣ୍ଡା ଉପସ୍ଥିତ ଥିଲେ।","[-3.7357337474823, -3.3695497512817383, -3.451615333557129, -3.6222264766693115, -4.027487754821777, -3.904271364212036]"
ori_5c8a7ff40848b8feab1c8541412a92d3,"ଶ୍ରାବଣ ମାସରେ ଏହି ୪ ଖାଦ୍ୟ ବର୍ଜନ କରନ୍ତୁ, ସୁସ୍ଥ ରୁହନ୍ତୁ!  ପବିତ୍ର ଶ୍ରାବଣ ମାସ ଆରମ୍ଭ ହୋଇଛି। ଏହି ମାସ କେବଳ ଆଧ୍ୟାତ୍ମିକ ଭାବେ ଗୁରୁତ୍ୱପୂର୍ଣ୍ଣ ନୁହେଁ, ବରଂ ସ୍ୱାସ୍ଥ୍ୟ ଦୃଷ୍ଟିରୁ ମଧ୍ୟ ଅତ୍ୟନ୍ତ ମହତ୍ତ୍ୱପୂର୍ଣ୍ଣ। ବୈଜ୍ଞାନିକ ମତାନୁଯାୟୀ, ଶ୍ରାବଣରେ ମେଟାବୋଲିଜିମ୍ ଧୀର ଗତିରେ ଚାଲେ, ଯାହା ଖାଦ୍ୟ ପାଚନ କ୍ଷମତାକୁ ପ୍ରଭାବିତ କରେ। ଏଣୁ ଆସନ୍ତୁ…",0,0,0,0,0,0,ori,"[LANG=ori] ଶ୍ରାବଣ ମାସରେ ଏହି ୪ ଖାଦ୍ୟ ବର୍ଜନ କରନ୍ତୁ, ସୁସ୍ଥ ରୁହନ୍ତୁ!  ପବିତ୍ର ଶ୍ରାବଣ ମାସ ଆରମ୍ଭ ହୋଇଛି। ଏହି ମାସ କେବଳ ଆଧ୍ୟାତ୍ମିକ ଭାବେ ଗୁରୁତ୍ୱପୂର୍ଣ୍ଣ ନୁହେଁ, ବରଂ ସ୍ୱାସ୍ଥ୍ୟ ଦୃଷ୍ଟିରୁ ମଧ୍ୟ ଅତ୍ୟନ୍ତ ମହତ୍ତ୍ୱପୂର୍ଣ୍ଣ। ବୈଜ୍ଞାନିକ ମତାନୁଯାୟୀ, ଶ୍ରାବଣରେ ମେଟାବୋଲିଜିମ୍ ଧୀର ଗତିରେ ଚାଲେ, ଯାହା ଖାଦ୍ୟ ପାଚନ କ୍ଷମତାକୁ ପ୍ରଭାବିତ କରେ। ଏଣୁ ଆସନ୍ତୁ…","[-3.6170918941497803, -3.276989221572876, -3.7888715267181396, -3.938380002975464, -3.907616376876831, -3.43471622467041]"
ori_4b371dcf037def234d61d5c20de7c8d3,ଅନଶନରେ ବସିଥିବା ଆପ୍ ନେତାଙ୍କ ସ୍ୱାସ୍ଥ୍ୟାବସ୍ଥା ବିଗୁଡ଼ୁଥିବା ନେଇ ସମର୍ଥକମାନେ ଅଭିଯୋଗ କରୁଥିବା ବେଳେ ଏଯାଏଁ ଉପରାଜ୍ୟପାଳ ଏହି ଘଟଣାରେ ହସ୍ତକ୍ଷେପ କରିନାହାନ୍ତି ।,0,0,0,0,0,0,ori,[LANG=ori] ଅନଶନରେ ବସିଥିବା ଆପ୍ ନେତାଙ୍କ ସ୍ୱାସ୍ଥ୍ୟାବସ୍ଥା ବିଗୁଡ଼ୁଥିବା ନେଇ ସମର୍ଥକମାନେ ଅଭିଯୋଗ କରୁଥିବା ବେଳେ ଏଯାଏଁ ଉପରାଜ୍ୟପାଳ ଏହି ଘଟଣାରେ ହସ୍ତକ୍ଷେପ କରିନାହାନ୍ତି ।,"[-3.7316744327545166, -1.7362500429153442, -3.381300210952759, -2.0590648651123047, -2.4606192111968994, -3.784464120864868]"
ori_6141e39678374c2debc2ae429f1fdee7,"ଏହି କାର୍ଯ୍ୟକ୍ରମରେ କେନ୍ଦ୍ର ପେଟ୍ରୋଲିୟମ ମନ୍ତ୍ରୀ ଧର୍ମେନ୍ଦ୍ର ପ୍ରଧାନ , କେନ୍ଦ୍ର ମନ୍ତ୍ରୀ ହର୍ଷବର୍ଦ୍ଧନ ଓ ଦିଲ୍ଲୀ ବିଜେପି ଅଧ୍ୟକ୍ଷ ମନୋଜ ତିୱାରୀ ପ୍ରମୁଖ ଯୋଗ ଦେଇଥିଲେ ।",0,0,0,0,0,0,ori,"[LANG=ori] ଏହି କାର୍ଯ୍ୟକ୍ରମରେ କେନ୍ଦ୍ର ପେଟ୍ରୋଲିୟମ ମନ୍ତ୍ରୀ ଧର୍ମେନ୍ଦ୍ର ପ୍ରଧାନ , କେନ୍ଦ୍ର ମନ୍ତ୍ରୀ ହର୍ଷବର୍ଦ୍ଧନ ଓ ଦିଲ୍ଲୀ ବିଜେପି ଅଧ୍ୟକ୍ଷ ମନୋଜ ତିୱାରୀ ପ୍ରମୁଖ ଯୋଗ ଦେଇଥିଲେ ।","[-3.6154940128326416, -3.5830020904541016, -3.5297811031341553, -3.6876108646392822, -3.9541211128234863, -3.7512242794036865]"
ori_ae937f463617daa28d39906fb75548e3,"ଆହୁରି ପଢ଼ନ୍ତୁ ହରିଆଣାରେ ସରକାର ଗଠନ କରିବ ବିଜେପି , ସମର୍ଥନ ଦେବେ ଏହି ସବୁ ବିଧାୟକ ତେବେ ଓୱେସୀ ଶପଥ ନେବା ପରେ ରେଜିଷ୍ଟରରେ ଦସ୍ତଖତ କରିବାକୁ ଭୁଲି ଯାଇଥିଲେ ।",0,0,0,0,0,0,ori,"[LANG=ori] ଆହୁରି ପଢ଼ନ୍ତୁ ହରିଆଣାରେ ସରକାର ଗଠନ କରିବ ବିଜେପି , ସମର୍ଥନ ଦେବେ ଏହି ସବୁ ବିଧାୟକ ତେବେ ଓୱେସୀ ଶପଥ ନେବା ପରେ ରେଜିଷ୍ଟରରେ ଦସ୍ତଖତ କରିବାକୁ ଭୁଲି ଯାଇଥିଲେ ।","[-1.813605785369873, -1.783360242843628, -4.428484916687012, -2.276585340499878, -3.661747455596924, -2.634157419204712]"
ori_6bbcdc6abb893f4399f8349f8bb1060e,"ନାନା ଧର୍ମ , ନାନା ଜାତି , ଭାଷା , ସଂସ୍କୃତି ଓ ଆଦର୍ଶକୁ କୋଳେଇ ନେଇଥିବା ଭାରତ ଏକ ବିବିଧତାର ଦେଶ ।",0,0,0,0,0,0,ori,"[LANG=ori] ନାନା ଧର୍ମ , ନାନା ଜାତି , ଭାଷା , ସଂସ୍କୃତି ଓ ଆଦର୍ଶକୁ କୋଳେଇ ନେଇଥିବା ଭାରତ ଏକ ବିବିଧତାର ଦେଶ ।","[-3.5897128582000732, -3.4953432083129883, -3.543553113937378, -3.7929162979125977, -3.968376398086548, -3.118936777114868]"
ori_ec0efe27dbededc8f5d0b969951db499,"ସେ କହିଛନ୍ତି , ଅନ୍ୟ ଧର୍ମରେ କିମ୍ବା ଅନ୍ୟ ଜାତିରେ ବିବାହ ବିରୋଧରେ ନାହାନ୍ତି , ହେଲେ ତାଙ୍କୁ କେବଳ ଯୁବତୀଙ୍କ ଭବିଷ୍ୟତ ଚିନ୍ତା ରହିଛି ।",0,0,0,0,0,0,ori,"[LANG=ori] ସେ କହିଛନ୍ତି , ଅନ୍ୟ ଧର୍ମରେ କିମ୍ବା ଅନ୍ୟ ଜାତିରେ ବିବାହ ବିରୋଧରେ ନାହାନ୍ତି , ହେଲେ ତାଙ୍କୁ କେବଳ ଯୁବତୀଙ୍କ ଭବିଷ୍ୟତ ଚିନ୍ତା ରହିଛି ।","[-1.5743215084075928, -3.684727907180786, -3.662043809890747, -2.9354825019836426, -2.7981271743774414, -3.624783992767334]"
ori_7525ea9b4b88fba0a32279ad4b5485b5,ଅଧର୍ମରତ ପାପୀମାନେ ସମାଜ ଦେହରେ କର୍କଟ ରୋଗଗ୍ରସ୍ତ ଅଙ୍ଗ ଭଳି ।,0,0,0,1,1,0,ori,[LANG=ori] ଅଧର୍ମରତ ପାପୀମାନେ ସମାଜ ଦେହରେ କର୍କଟ ରୋଗଗ୍ରସ୍ତ ଅଙ୍ଗ ଭଳି ।,"[-0.9824609160423279, -1.4997433423995972, 0.5294013619422913, -0.11710448563098907, -1.148484706878662, -1.8603075742721558]"
ori_e5476d773314280ae184c08c4169f2fd,@USER @USER @USER ଗର୍ବିତ ହିନ୍ଦୁ 🤓🤓,1,0,0,0,0,0,ori,[LANG=ori] @USER @USER @USER ଗର୍ବିତ ହିନ୍ଦୁ 🤓🤓,"[0.47143593430519104, -1.1726369857788086, -3.1307268142700195, -1.836977243423462, -2.2521231174468994, -1.5431554317474365]"
ori_51005dde61f784e769c385458f4c7a1b,"ତାଙ୍କ ପ୍ରତିକ୍ରିୟା ଧର୍ମ , ଜାତି ଆଦିର ସଂକୀର୍ଣ୍ଣ ପ୍ରାଚୀରକୁ ଅତିକ୍ରମ କରି ମାନବତାକୁ ସମର୍ଥନ କରିଥିଲା ।",0,0,0,0,0,0,ori,"[LANG=ori] ତାଙ୍କ ପ୍ରତିକ୍ରିୟା ଧର୍ମ , ଜାତି ଆଦିର ସଂକୀର୍ଣ୍ଣ ପ୍ରାଚୀରକୁ ଅତିକ୍ରମ କରି ମାନବତାକୁ ସମର୍ଥନ କରିଥିଲା ।","[-3.859673261642456, -3.2396278381347656, -3.325847625732422, -3.6535816192626953, -4.003179550170898, -3.6022112369537354]"
ori_c59066f39960eb09698c3b70ec6d1f5c,"ଆଗାମୀ ଯୁଦ୍ଧ ପ୍ରସ୍ତୁତି ପାଇଁ ବାୟୁସେନା ର ରଣନୀତି  ଭାରତୀୟ ବାୟୁସେନା (IAF) ଏକ ଗୁରୁତ୍ୱପୂର୍ଣ୍ଣ ପ୍ରସ୍ତାବ ରଖିଛି, ଯାହାଅନୁଯାୟୀ ଦୁଇ କିମ୍ବା ତିନିଟି ଅତ୍ୟାଧୁନିକ ୫ମ ଜେନରେସନ୍ ଫାଇଟର୍ ଜେଟ୍ ଖରିଦ କରିବାକୁ ଆଗ୍ରହ ପ୍ରକାଶ କରିଛି। ଏହି ପଦକ୍ଷେପ, ଏୟାର ଫୋର୍ସର ଶକ୍ତିକୁ ଶକ୍ତିଶାଳୀ କରିବା ଓ ଉତ୍ତର ଓ ପଶ୍ଚିମ ସୀମାରେ ଭାରତର ସୁରକ୍ଷା ସ୍ଥିତିକୁ…",0,0,0,0,0,0,ori,"[LANG=ori] ଆଗାମୀ ଯୁଦ୍ଧ ପ୍ରସ୍ତୁତି ପାଇଁ ବାୟୁସେନା ର ରଣନୀତି  ଭାରତୀୟ ବାୟୁସେନା (IAF) ଏକ ଗୁରୁତ୍ୱପୂର୍ଣ୍ଣ ପ୍ରସ୍ତାବ ରଖିଛି, ଯାହାଅନୁଯାୟୀ ଦୁଇ କିମ୍ବା ତିନିଟି ଅତ୍ୟାଧୁନିକ ୫ମ ଜେନରେସନ୍ ଫାଇଟର୍ ଜେଟ୍ ଖରିଦ କରିବାକୁ ଆଗ୍ରହ ପ୍ରକାଶ କରିଛି। ଏହି ପଦକ୍ଷେପ, ଏୟାର ଫୋର୍ସର ଶକ୍ତିକୁ ଶକ୍ତିଶାଳୀ କରିବା ଓ ଉତ୍ତର ଓ ପଶ୍ଚିମ ସୀମାରେ ଭାରତର ସୁରକ୍ଷା ସ୍ଥିତିକୁ…","[-3.6772727966308594, -3.5849785804748535, -3.4621458053588867, -3.5363526344299316, -4.043370723724365, -3.7182633876800537]"
ori_d05f1dacb6d055f73745a88f78f010a8,@USER ସଂରକ୍ଷଣ ନାଁ ରେ ଦେଶ ଟାକୁ ନଷ୍ଟ କଲଣି ଆଉରି ଦରକାର୍ ନା,1,0,0,0,0,0,ori,[LANG=ori] @USER ସଂରକ୍ଷଣ ନାଁ ରେ ଦେଶ ଟାକୁ ନଷ୍ଟ କଲଣି ଆଉରି ଦରକାର୍ ନା,"[-0.508947491645813, 0.5278892517089844, -2.1410019397735596, 0.4257405996322632, -0.465973436832428, -0.7051035165786743]"
ori_add7be3047b175195ba83446f0d6f92f,@USER @USER ବାପା ବୋଉ କୋରୋନା ଡରି ସ୍କୁଲ ଛାଡିବେନି ହେଲେ ଆନ୍ଦୋଳନ କରିବା ପାଇଁ  ଛାଡିଦେଲେ🤦🏻‍♂️🤦🏻‍♂️🤦🏻‍♂️,0,1,0,0,0,0,ori,[LANG=ori] @USER @USER ବାପା ବୋଉ କୋରୋନା ଡରି ସ୍କୁଲ ଛାଡିବେନି ହେଲେ ଆନ୍ଦୋଳନ କରିବା ପାଇଁ  ଛାଡିଦେଲେ🤦🏻‍♂️🤦🏻‍♂️🤦🏻‍♂️,"[-1.066645860671997, -0.8587450981140137, -4.846892833709717, -1.6014026403427124, -0.48008662462234497, -2.3315699100494385]"
ori_ea7b2ea9c4e7f9bb03ded85476ac3d1c,ବୋନାଲୁ ଉତ୍ସବ ମନା ଯାଉଥିବା ସମୟରେ ଏକ ବେସରକାରୀ ବ୍ୟାଙ୍କ୍ର ଜଣେ କର୍ମଚାରୀ ଜଣେ ପୁଲିସ୍ କର୍ମୀଙ୍କୁ ଚୁମ୍ବନ ଦେଇଥିବା ଅଭିଯୋଗରେ ତାଙ୍କ ନାମରେ ମାମଲା ରୁଜ୍ଜୁ ହୋଇଛି ।,0,0,0,0,0,0,ori,[LANG=ori] ବୋନାଲୁ ଉତ୍ସବ ମନା ଯାଉଥିବା ସମୟରେ ଏକ ବେସରକାରୀ ବ୍ୟାଙ୍କ୍ର ଜଣେ କର୍ମଚାରୀ ଜଣେ ପୁଲିସ୍ କର୍ମୀଙ୍କୁ ଚୁମ୍ବନ ଦେଇଥିବା ଅଭିଯୋଗରେ ତାଙ୍କ ନାମରେ ମାମଲା ରୁଜ୍ଜୁ ହୋଇଛି ।,"[-3.051568031311035, -3.283165216445923, -3.5446529388427734, -3.2360010147094727, -3.6894378662109375, -4.62406063079834]"
ori_d34d9ad522e541a14ac0ef7c4ac64449,ପ୍ରଥମରୁ ଧୀମା ଖେଳୁଥିବା ଧୋନି ୧୯ତମ ଓଭରରେ ଲସିଥ ମାଲିଙ୍ଗାଙ୍କୁ ଦୁଇଟି ବଲରେ ଦୁଇଟି ଛକା ମାରି ନିଜର ଆକ୍ରମଣାତ୍ମକ ରୂପ ଦେଖାଇଥିଲେ ।,0,0,0,0,0,0,ori,[LANG=ori] ପ୍ରଥମରୁ ଧୀମା ଖେଳୁଥିବା ଧୋନି ୧୯ତମ ଓଭରରେ ଲସିଥ ମାଲିଙ୍ଗାଙ୍କୁ ଦୁଇଟି ବଲରେ ଦୁଇଟି ଛକା ମାରି ନିଜର ଆକ୍ରମଣାତ୍ମକ ରୂପ ଦେଖାଇଥିଲେ ।,"[-3.4704296588897705, -3.454864501953125, -3.4714038372039795, -3.860092878341675, -3.9080214500427246, -3.9836010932922363]"
ori_e9d88b1245b8a295e4e6f834eb44ff85,"ସାମିଲ ହୋଇଯାଇଥିଲେ ସବୁ ବର୍ଗ , ଜାତି ଓ ଧର୍ମର ଲୋକେ ।",0,0,0,0,0,0,ori,"[LANG=ori] ସାମିଲ ହୋଇଯାଇଥିଲେ ସବୁ ବର୍ଗ , ଜାତି ଓ ଧର୍ମର ଲୋକେ ।","[-3.066545248031616, -3.233027458190918, -3.175645589828491, -3.3194031715393066, -3.7478363513946533, -3.18560791015625]"
ori_354d120bbcf5ea4a759758b51d0afb34,ନ୍ୟୁଜିଲ୍ୟାଣ୍ଡରେ ସବୁ ଧର୍ମର ଲୋକ ଶାନ୍ତି ଓ ସୌହାର୍ଦ୍ଦ୍ୟ ସହ ବସବାସ କରୁଥିବା ବେଳେ ଏହି ଘଟଣା ଯୋଗୁ ଏକ ପ୍ରକାରର ଘୃଣାର ପରିବେଶ ସୃଷ୍ଟି ହୋଇଛି ।,0,0,0,0,0,0,ori,[LANG=ori] ନ୍ୟୁଜିଲ୍ୟାଣ୍ଡରେ ସବୁ ଧର୍ମର ଲୋକ ଶାନ୍ତି ଓ ସୌହାର୍ଦ୍ଦ୍ୟ ସହ ବସବାସ କରୁଥିବା ବେଳେ ଏହି ଘଟଣା ଯୋଗୁ ଏକ ପ୍ରକାରର ଘୃଣାର ପରିବେଶ ସୃଷ୍ଟି ହୋଇଛି ।,"[-3.53082537651062, -3.6862425804138184, -3.674164056777954, -3.7714338302612305, -3.67221736907959, -3.543391704559326]"
ori_af785f0d03d78745b5668fb3911ce766,ଗଞ୍ଜାମରେ ସର୍ବସାଧାରଣଙ୍କୁ ସରକାରୀ ଅଫିସ୍‌ ମନା,0,0,0,0,0,0,ori,[LANG=ori] ଗଞ୍ଜାମରେ ସର୍ବସାଧାରଣଙ୍କୁ ସରକାରୀ ଅଫିସ୍‌ ମନା,"[-3.349480628967285, -3.6965627670288086, -3.255213975906372, -3.7969908714294434, -3.6724491119384766, -3.422475814819336]"
ori_c819cb2a5b3c89e203a5de4202ea08d4,"ତାଙ୍କ ପ୍ରଧାନମନ୍ତ୍ରୀତ୍ୱ ଅମଳରେ ଆମ ଜାତି ମହାନ୍ ବିଜୟ, ଅବିଶ୍ୱସନୀୟ ଉନ୍ନତି ଏବଂ ସବୁଠୁ ଗୁରୁତ୍ୱପୂର୍ଣ୍ଣ ହେଲା ସମାଜର ସବୁ ବର୍ଗର ଉତ୍ଥାନ ଦେଖିଛି।",0,0,0,0,0,0,ori,"[LANG=ori] ତାଙ୍କ ପ୍ରଧାନମନ୍ତ୍ରୀତ୍ୱ ଅମଳରେ ଆମ ଜାତି ମହାନ୍ ବିଜୟ, ଅବିଶ୍ୱସନୀୟ ଉନ୍ନତି ଏବଂ ସବୁଠୁ ଗୁରୁତ୍ୱପୂର୍ଣ୍ଣ ହେଲା ସମାଜର ସବୁ ବର୍ଗର ଉତ୍ଥାନ ଦେଖିଛି।","[-2.9932892322540283, -3.67356538772583, -3.757267475128174, -3.682328224182129, -4.020450592041016, -3.359739303588867]"
ori_55885b992113e98c06948a9b1cd50f39,@USER ଏଇତ ଆଉ..କିଛି ହାଇଫାଇ ନୁହେଁ ମ..ସବୁ କ୍ୟାମେରା ଫିଲ୍ଟର ର ଖେଳ 🤣🤣,0,0,0,0,0,1,ori,[LANG=ori] @USER ଏଇତ ଆଉ..କିଛି ହାଇଫାଇ ନୁହେଁ ମ..ସବୁ କ୍ୟାମେରା ଫିଲ୍ଟର ର ଖେଳ 🤣🤣,"[-0.5698408484458923, -1.672186017036438, -3.834778308868408, -2.144634962081909, -3.6269993782043457, -3.4639668464660645]"
ori_14c916f613baa1da74480a7dd56ec8a6,ନାରାୟଣ ସାହୁ ଓ ତାଙ୍କ ସ୍ତ୍ରୀ ମାନସୀ ଗତ ୨୦୧୩ ମସିହା ଅପ୍ରେଲ ୧ ତାରିଖରେ ଘରବାଡ଼ି ଜାଗାକୁ କେନ୍ଦ୍ରକରି ଭାଇବୋହୁ ସୁକାନ୍ତି ସାହୁଙ୍କୁ ମରଣାନ୍ତକ ଆକ୍ରମଣ କରିଥିଲେ ।,0,0,0,0,0,0,ori,[LANG=ori] ନାରାୟଣ ସାହୁ ଓ ତାଙ୍କ ସ୍ତ୍ରୀ ମାନସୀ ଗତ ୨୦୧୩ ମସିହା ଅପ୍ରେଲ ୧ ତାରିଖରେ ଘରବାଡ଼ି ଜାଗାକୁ କେନ୍ଦ୍ରକରି ଭାଇବୋହୁ ସୁକାନ୍ତି ସାହୁଙ୍କୁ ମରଣାନ୍ତକ ଆକ୍ରମଣ କରିଥିଲେ ।,"[-3.3721187114715576, -3.8270273208618164, -3.389174699783325, -3.445484161376953, -3.66265606880188, -3.8575856685638428]"
ori_d265d6541cbedb32dee3b536b23be6f6,@USER ପବିତ୍ର ଦୀପାବଳୀ ଉତ୍ସବ ପାଳନ ଉପଲକ୍ଷେ ଜଗନ୍ନାଥ ଆପଣଙ୍କର ଚଲା ପଥ ସୁଖ ମୟ କରନ୍ତୁ ଜୟ ଜଗନ୍ନାଥ ଶୁଭ ସକାଳ ବନ୍ଧୁ,0,0,0,0,0,0,ori,[LANG=ori] @USER ପବିତ୍ର ଦୀପାବଳୀ ଉତ୍ସବ ପାଳନ ଉପଲକ୍ଷେ ଜଗନ୍ନାଥ ଆପଣଙ୍କର ଚଲା ପଥ ସୁଖ ମୟ କରନ୍ତୁ ଜୟ ଜଗନ୍ନାଥ ଶୁଭ ସକାଳ ବନ୍ଧୁ,"[-3.149996757507324, -2.9688801765441895, -3.5750374794006348, -3.67730450630188, -3.4572670459747314, -3.647494077682495]"
ori_44abbd0d8bc0593d302a04de54054678,0 ସେୟାର ନୂଆଦିଲ୍ଲୀଃ ଭାରତ ଏକ ଧର୍ମ ନିରପେକ୍ଷ ରାଷ୍ଟ୍ର ହୋଇଥିବାରୁ ସରକାରୀ ଅନୁଦାନ ପ୍ରାପ୍ତ ବିଶ୍ୱବିଦ୍ୟାଳୟଗୁଡ଼ିକର ନାମରୁ ହିନ୍ଦୁ ଓ ମୁସଲମାନ ନାମ ହଟାଇ ଦିଆଯିବା ଉଚିତ ।,0,0,0,0,0,0,ori,[LANG=ori] 0 ସେୟାର ନୂଆଦିଲ୍ଲୀଃ ଭାରତ ଏକ ଧର୍ମ ନିରପେକ୍ଷ ରାଷ୍ଟ୍ର ହୋଇଥିବାରୁ ସରକାରୀ ଅନୁଦାନ ପ୍ରାପ୍ତ ବିଶ୍ୱବିଦ୍ୟାଳୟଗୁଡ଼ିକର ନାମରୁ ହିନ୍ଦୁ ଓ ମୁସଲମାନ ନାମ ହଟାଇ ଦିଆଯିବା ଉଚିତ ।,"[-1.8025404214859009, -3.7180237770080566, -3.3588085174560547, -3.126784086227417, -3.13445782661438, -1.9862970113754272]"
ori_899f3e92b4087b04131ae40161f7e73b,"କଟିଯିବ ଅର୍ଥାତ୍ ନା ପ୍ରେତ, ନା ଗଧ, ନା ବଳଦ ପରି ପଶୁ ଜନ୍ମ ନେବାକୁ ପଡ଼ିବ।➡️ ଅଧିକ ଜାଣିବା ପାଇଁSatlok Ashram Youtube Channel",0,0,0,0,0,0,ori,"[LANG=ori] କଟିଯିବ ଅର୍ଥାତ୍ ନା ପ୍ରେତ, ନା ଗଧ, ନା ବଳଦ ପରି ପଶୁ ଜନ୍ମ ନେବାକୁ ପଡ଼ିବ।➡️ ଅଧିକ ଜାଣିବା ପାଇଁSatlok Ashram Youtube Channel","[-1.7455685138702393, -1.080289602279663, 1.6582931280136108, -0.11176711320877075, -2.0635952949523926, -1.2934072017669678]"
ori_452674700e33d69407c15c9f9fb73458,ମୋଦି - ୧ ସରକାର କ୍ଷମତାକୁ ଆସିବା ଦିନଠାରୁ ମୁସଲିମ ଧର୍ମରେ ପ୍ରଚଳିତ ଇନ୍ଷ୍ଟାଣ୍ଟ ଟ୍ରିପଲ ତଲାକକୁ ଉଚ୍ଛେଦ ପାଇଁ ପ୍ରକ୍ରିୟା ଆରମ୍ଭ ହୋଇଥିଲା ।,0,0,0,0,0,0,ori,[LANG=ori] ମୋଦି - ୧ ସରକାର କ୍ଷମତାକୁ ଆସିବା ଦିନଠାରୁ ମୁସଲିମ ଧର୍ମରେ ପ୍ରଚଳିତ ଇନ୍ଷ୍ଟାଣ୍ଟ ଟ୍ରିପଲ ତଲାକକୁ ଉଚ୍ଛେଦ ପାଇଁ ପ୍ରକ୍ରିୟା ଆରମ୍ଭ ହୋଇଥିଲା ।,"[-0.060781531035900116, -1.6090419292449951, -3.2728004455566406, 0.09872577339410782, -2.0273613929748535, -2.610090970993042]"
ori_b2346a821cd58ed2794246dc3b5bc99b,ଆହୁରି ପଢ଼ନ୍ତୁ ଭାରତ ବିପକ୍ଷ ଟି - ୨୦ ସିରିଜରୁ ଓହରିଲେ ସୈଫୁଦ୍ଦିନ ବିଶେଷକରି ଭଲ ଫର୍ମରେ ଥିବା ରୋହିତ୍ ଶର୍ମା ମ୍ୟାଚରେ ଆକ୍ରମଣାତ୍ମକ ଆଭିମୁଖ୍ୟ ଆପଣାଇଛନ୍ତି ।,0,0,0,0,0,0,ori,[LANG=ori] ଆହୁରି ପଢ଼ନ୍ତୁ ଭାରତ ବିପକ୍ଷ ଟି - ୨୦ ସିରିଜରୁ ଓହରିଲେ ସୈଫୁଦ୍ଦିନ ବିଶେଷକରି ଭଲ ଫର୍ମରେ ଥିବା ରୋହିତ୍ ଶର୍ମା ମ୍ୟାଚରେ ଆକ୍ରମଣାତ୍ମକ ଆଭିମୁଖ୍ୟ ଆପଣାଇଛନ୍ତି ।,"[-3.6571600437164307, -3.3464272022247314, -3.4505090713500977, -3.679623603820801, -3.7871925830841064, -3.866666316986084]"
ori_e31ce5d5f5da1cfb775f33c21f579410,ମିଳିଥିବା ସୂଚନା ଅନୁସାରେ ଭାରତୀୟ ଜନତା ପାର୍ଟି ( ବିଜେପି ) ମହିଳା ମୋର୍ଚ୍ଚା ଏ ନେଇ ଥାନାରେ ଅଭିଯୋଗ ଆଣିଛି ।,0,0,0,0,0,0,ori,[LANG=ori] ମିଳିଥିବା ସୂଚନା ଅନୁସାରେ ଭାରତୀୟ ଜନତା ପାର୍ଟି ( ବିଜେପି ) ମହିଳା ମୋର୍ଚ୍ଚା ଏ ନେଇ ଥାନାରେ ଅଭିଯୋଗ ଆଣିଛି ।,"[-3.6160008907318115, -3.291069746017456, -3.5411009788513184, -3.0635287761688232, -3.6313133239746094, -4.305912017822266]"
ori_7ef3e16ec1d29cb9c27da182b60fbf95,୬ ( ବୁ୍ୟରୋ ) : ସଂପ୍ରତି ତୃଣମୂଳ କଂଗ୍ରେସର ଗୁଣ୍ଡା ମାନଙ୍କ ଦ୍ୱାରା ପଶ୍ଚିମବଙ୍ଗର ଜନସାଧାରଣ ବିଶେଷକରି ସିଆଇଟିୟୁ ସଂଗଠନର କର୍ମୀ ଓ ନେତା ମାନଙ୍କ ଉପରେ ଆକ୍ରମଣ ଅବ୍ୟାହତ ରହିଛି ।,0,0,0,1,0,0,ori,[LANG=ori] ୬ ( ବୁ୍ୟରୋ ) : ସଂପ୍ରତି ତୃଣମୂଳ କଂଗ୍ରେସର ଗୁଣ୍ଡା ମାନଙ୍କ ଦ୍ୱାରା ପଶ୍ଚିମବଙ୍ଗର ଜନସାଧାରଣ ବିଶେଷକରି ସିଆଇଟିୟୁ ସଂଗଠନର କର୍ମୀ ଓ ନେତା ମାନଙ୍କ ଉପରେ ଆକ୍ରମଣ ଅବ୍ୟାହତ ରହିଛି ।,"[-2.0453038215637207, -1.485192060470581, -2.240057945251465, -0.34877780079841614, -2.793388605117798, -4.395435333251953]"
ori_acc92059cee210a6355454e8d14dc213,"ଯାହାଦ୍ୱାରା ସାଧାରଣ ଲୋକମାନେ ନିର୍ବାଚନ ସମୟରେ କୌଣସି ଅସୁବିଧା ହେଲେ , ତାହାର ଅଭିଯୋଗ ସିଧାସଳଖ ଭାବରେ ନିର୍ବାଚନ କମିସନଙ୍କୁ କରି ପାରିବେ ।",0,0,0,0,0,0,ori,"[LANG=ori] ଯାହାଦ୍ୱାରା ସାଧାରଣ ଲୋକମାନେ ନିର୍ବାଚନ ସମୟରେ କୌଣସି ଅସୁବିଧା ହେଲେ , ତାହାର ଅଭିଯୋଗ ସିଧାସଳଖ ଭାବରେ ନିର୍ବାଚନ କମିସନଙ୍କୁ କରି ପାରିବେ ।","[-3.66739559173584, -2.6754980087280273, -3.4168035984039307, -3.3448169231414795, -3.8768019676208496, -3.594773292541504]"
ori_df5d756b0941b9b97b030b5863ad56dc,କେନ୍ଦ୍ର ସରକାର ଦଳିତଙ୍କ ପାଇଁ କାର୍ଯ୍ୟ କରୁଥିବା ବେଳେ ବିରୋଧୀ କେବଳ ଭୁଲ ତଥ୍ୟ ଦେଇ ସାଧାରଣ ଲୋକଙ୍କୁ ବିଭ୍ରାନ୍ତ କରୁଛନ୍ତି ।,0,1,0,1,0,0,ori,[LANG=ori] କେନ୍ଦ୍ର ସରକାର ଦଳିତଙ୍କ ପାଇଁ କାର୍ଯ୍ୟ କରୁଥିବା ବେଳେ ବିରୋଧୀ କେବଳ ଭୁଲ ତଥ୍ୟ ଦେଇ ସାଧାରଣ ଲୋକଙ୍କୁ ବିଭ୍ରାନ୍ତ କରୁଛନ୍ତି ।,"[0.8503351807594299, 0.8032544851303101, -4.733487606048584, 1.8593201637268066, -1.5664756298065186, -1.1547309160232544]"
ori_d1557087811c697f90eb32cc6573a957,ପ୍ରଶାଦିନୀ ଏନ୍ଟରଟେନମେନ୍ଟର ତୃତୀୟ ଅବଦାନ କର୍ତ୍ତବ୍ୟ । ଯାହା ଏକ ସଂପୂର୍ଣ୍ଣ ବାସ୍ତବଧର୍ମୀ ଚଳଚିତ୍ର । ଏହି ଚଳଚିତ୍ରର କାହାଣୀ ମାଧ୍ୟମରେ ସମାଜରେ ଥିବା ବାସ୍ତବତାକୁ ଦର୍ଶାଯାଇଛି । ଏହି ଚଳଚିତ୍ରରେ କିଭଳି ଜଣେ,0,0,0,0,0,0,ori,[LANG=ori] ପ୍ରଶାଦିନୀ ଏନ୍ଟରଟେନମେନ୍ଟର ତୃତୀୟ ଅବଦାନ କର୍ତ୍ତବ୍ୟ । ଯାହା ଏକ ସଂପୂର୍ଣ୍ଣ ବାସ୍ତବଧର୍ମୀ ଚଳଚିତ୍ର । ଏହି ଚଳଚିତ୍ରର କାହାଣୀ ମାଧ୍ୟମରେ ସମାଜରେ ଥିବା ବାସ୍ତବତାକୁ ଦର୍ଶାଯାଇଛି । ଏହି ଚଳଚିତ୍ରରେ କିଭଳି ଜଣେ,"[-3.4047672748565674, -3.7383487224578857, -3.607597589492798, -3.325896739959717, -3.653294086456299, -3.3770041465759277]"
ori_42b022d46c06b0663011af2a0c838957,"କାର୍ଯ୍ୟକ୍ରମରେ ରାଜ୍ୟପାଳ ପ୍ରଫେସର ଗଣେଶୀ ଲାଲ୍, ମୁଖ୍ୟମନ୍ତ୍ରୀ ନବୀନ ପଟ୍ଟନାୟକ ଓ କେନ୍ଦ୍ରମନ୍ତ୍ରୀ ଧର୍ମେନ୍ଦ୍ର ପ୍ରଧାନ ଯୋଗଦେଇଥିଲେ।",0,0,0,0,0,0,ori,"[LANG=ori] କାର୍ଯ୍ୟକ୍ରମରେ ରାଜ୍ୟପାଳ ପ୍ରଫେସର ଗଣେଶୀ ଲାଲ୍, ମୁଖ୍ୟମନ୍ତ୍ରୀ ନବୀନ ପଟ୍ଟନାୟକ ଓ କେନ୍ଦ୍ରମନ୍ତ୍ରୀ ଧର୍ମେନ୍ଦ୍ର ପ୍ରଧାନ ଯୋଗଦେଇଥିଲେ।","[-3.92181134223938, -3.3708322048187256, -3.215359687805176, -3.6637349128723145, -3.913039207458496, -3.72976016998291]"
ori_9bdd98d5daaa65a493c44f69c6a37c16,"କଂଗ୍ରେସ ମୁଖପାତ୍ରମାନେ କହିଛନ୍ତି , ରାଜ୍ୟ ମହିଳା କମିସନଙ୍କ ସଭ୍ୟ ଓ ସଭ୍ୟାମାନେ ଦଳୀୟ କାର୍ଯ୍ୟକ୍ରମର ଊର୍ଦ୍ଧ୍ବରେ ରହିବା ଆବଶ୍ୟକ ।",0,0,0,0,0,0,ori,"[LANG=ori] କଂଗ୍ରେସ ମୁଖପାତ୍ରମାନେ କହିଛନ୍ତି , ରାଜ୍ୟ ମହିଳା କମିସନଙ୍କ ସଭ୍ୟ ଓ ସଭ୍ୟାମାନେ ଦଳୀୟ କାର୍ଯ୍ୟକ୍ରମର ଊର୍ଦ୍ଧ୍ବରେ ରହିବା ଆବଶ୍ୟକ ।","[-3.0474154949188232, -3.1341092586517334, -3.7082736492156982, -3.6231508255004883, -3.7742505073547363, -3.929867744445801]"
ori_5dc2a9ce6a3f5f1de5e116c6305095ee,@USER ଆଦିବାସୀ ହିଁ ଆଦିବାସୀ,1,0,0,0,0,0,ori,[LANG=ori] @USER ଆଦିବାସୀ ହିଁ ଆଦିବାସୀ,"[0.7712762951850891, -3.212482452392578, -3.260594606399536, 0.6126545667648315, -3.2724671363830566, -0.42990046739578247]"
ori_96030a62170fc2237a84fda0a391c348,@USER ଭାଷା ଠିକ୍ କର ନ ହେଲେ  one minute ଲାଗି ବନି  ମୋତେ ତୋର standard  ଆନିବାକୁ ok,0,0,0,1,0,0,ori,[LANG=ori] @USER ଭାଷା ଠିକ୍ କର ନ ହେଲେ  one minute ଲାଗି ବନି  ମୋତେ ତୋର standard  ଆନିବାକୁ ok,"[-2.92983341217041, -3.171811819076538, -3.6759002208709717, -3.694096565246582, -3.841238021850586, -3.552147626876831]"
ori_9ec9a6ae2a4c01c11cdde6a0b5710779,ସେ କହିଛନ୍ତି ଅର୍ବାନ୍ ନକ୍ସଲ ଆଦିବାସୀମାନଙ୍କୁ ପ୍ରତାରିତ କରିଆସିଛନ୍ତି ଏବଂ କଂଗ୍ରେସ ସେମାନଙ୍କ ସମର୍ଥନରେ ସବୁବେଳେ ବାହାରୁଛି ।,1,0,0,1,0,0,ori,[LANG=ori] ସେ କହିଛନ୍ତି ଅର୍ବାନ୍ ନକ୍ସଲ ଆଦିବାସୀମାନଙ୍କୁ ପ୍ରତାରିତ କରିଆସିଛନ୍ତି ଏବଂ କଂଗ୍ରେସ ସେମାନଙ୍କ ସମର୍ଥନରେ ସବୁବେଳେ ବାହାରୁଛି ।,"[1.2467807531356812, -0.15204456448554993, -3.1806886196136475, 2.076167106628418, -2.131537914276123, -2.390742778778076]"
ori_128474839cd96714c4cd4bb1b86ac49d,"ପୂର୍ବରୁ ଜାତିସଂଘ ସାଧାରଣ ସଚିବ କୋଫି ଆନ୍ନନ୍ , ଜର୍ମାନ୍ ଚାନ୍ସେଲର୍ ଆଞ୍ଜେଲା ମର୍କେଲ୍ ଏବଂ ଡକ୍ଟର୍ସ ଉଇଦାଉଟ୍ ବଡର୍ସ ଏବଂ ଅକ୍ସ୍ଫାମ୍ ଭଳି ସଂସ୍ଥା ଏହି ପୁରସ୍କାର ଗ୍ରହଣ କରିଛନ୍ତି ।",0,0,0,0,0,0,ori,"[LANG=ori] ପୂର୍ବରୁ ଜାତିସଂଘ ସାଧାରଣ ସଚିବ କୋଫି ଆନ୍ନନ୍ , ଜର୍ମାନ୍ ଚାନ୍ସେଲର୍ ଆଞ୍ଜେଲା ମର୍କେଲ୍ ଏବଂ ଡକ୍ଟର୍ସ ଉଇଦାଉଟ୍ ବଡର୍ସ ଏବଂ ଅକ୍ସ୍ଫାମ୍ ଭଳି ସଂସ୍ଥା ଏହି ପୁରସ୍କାର ଗ୍ରହଣ କରିଛନ୍ତି ।","[-3.85977840423584, -3.409996509552002, -3.5922629833221436, -3.419761896133423, -3.9010260105133057, -3.8572745323181152]"
ori_5959947edfb15c283680964ef296cd76,"ଶୁକ୍ରବାରଦିନର କାର୍ଯ୍ୟକ୍ରମକୁ ମିଶାଇ ମୁଖ୍ୟମନ୍ତ୍ରୀ ଶ୍ରୀ ନବୀନ ପଟ୍ଟନାୟକ ରାଜ୍ୟର ୨୨୯ଟି ବ୍ଳକ୍ର ୪୯୮୪ଟି ଗ୍ରାମ ପଞ୍ଚାୟତର ଜନସାଧାରଣଙ୍କ ସହିତ ଆଲୋଚନା ମାଧ୍ୟମରେ ୪୫ , ୭୧୪ଟି ପ୍ରକଳ୍ପ ମଞ୍ଜୁର କରିଛନ୍ତି ।",0,0,0,0,0,0,ori,"[LANG=ori] ଶୁକ୍ରବାରଦିନର କାର୍ଯ୍ୟକ୍ରମକୁ ମିଶାଇ ମୁଖ୍ୟମନ୍ତ୍ରୀ ଶ୍ରୀ ନବୀନ ପଟ୍ଟନାୟକ ରାଜ୍ୟର ୨୨୯ଟି ବ୍ଳକ୍ର ୪୯୮୪ଟି ଗ୍ରାମ ପଞ୍ଚାୟତର ଜନସାଧାରଣଙ୍କ ସହିତ ଆଲୋଚନା ମାଧ୍ୟମରେ ୪୫ , ୭୧୪ଟି ପ୍ରକଳ୍ପ ମଞ୍ଜୁର କରିଛନ୍ତି ।","[-3.678574562072754, -3.218061685562134, -3.5484914779663086, -3.871814489364624, -4.055075168609619, -3.7166271209716797]"
ori_e647cafdbd8ff9011abd41befe5966ce,@USER ଦୁର୍ନୀତି କେବଳ,0,0,0,0,0,0,ori,[LANG=ori] @USER ଦୁର୍ନୀତି କେବଳ,"[-0.06941167265176773, -1.974597454071045, -3.5406289100646973, -1.7812681198120117, -3.2705771923065186, -0.11262711882591248]"
ori_2feaf885b0e13186a9ccf0d67eaf0ee3,"ବର୍ତମାନ ସରକାର କେଉଁ କମିସନ୍ଙ୍କ ରିପୋର୍ଟ ଆଧାରରେ ମଠ , ମନ୍ଦିର ଉଚ୍ଛେଦ କାର୍ଯ୍ୟ ଆରମ୍ଭ କରିଛନ୍ତି ତାକୁ ସର୍ବସାଧାରଣରେ ଉପସ୍ଥାପନ କରୁ ।",0,0,0,0,0,0,ori,"[LANG=ori] ବର୍ତମାନ ସରକାର କେଉଁ କମିସନ୍ଙ୍କ ରିପୋର୍ଟ ଆଧାରରେ ମଠ , ମନ୍ଦିର ଉଚ୍ଛେଦ କାର୍ଯ୍ୟ ଆରମ୍ଭ କରିଛନ୍ତି ତାକୁ ସର୍ବସାଧାରଣରେ ଉପସ୍ଥାପନ କରୁ ।","[-2.895899772644043, -2.6722054481506348, -3.7144081592559814, -3.344681739807129, -3.67199969291687, -2.6935343742370605]"
ori_7e2018287b565e92641d4fd3846075c1,"@USER ଆ ଠୁ ପାଉଣା କଣ ବଡ଼ ଅଛି ଯେ ଦୁନିଆଁ ରେ,,,,,ଲୋକ ଭାବନ୍ତି ସେ ତାଙ୍କ ଭାବନା ଭଲପାଇବା ଦେଇଗଲେ ଆମେ ଭୁଲିଗଲୁ !!!ସେ ସାରା ଜୀବନ ମନେ ରହିଯାଏ କଥା ସବୁ।",0,0,0,0,0,0,ori,"[LANG=ori] @USER ଆ ଠୁ ପାଉଣା କଣ ବଡ଼ ଅଛି ଯେ ଦୁନିଆଁ ରେ,,,,,ଲୋକ ଭାବନ୍ତି ସେ ତାଙ୍କ ଭାବନା ଭଲପାଇବା ଦେଇଗଲେ ଆମେ ଭୁଲିଗଲୁ !!!ସେ ସାରା ଜୀବନ ମନେ ରହିଯାଏ କଥା ସବୁ।","[-3.1250665187835693, -3.375641107559204, -4.101608753204346, -3.922412633895874, -3.689995050430298, -3.023777961730957]"
ori_e2920b9ef25efb16781db95b471d911b,କିନ୍ତୁ ଧର୍ମେନ୍ଦ୍ରଙ୍କ ନାମ ପାରଙ୍ଗମ ଲିଷ୍ଟରେ ଥିବାରୁ ବିଜେପି କଥା ଭୁଲି ଯାଇ ପିତାମ୍ବର ଆଚାର୍ଯ୍ୟ ଏହାକୁ ସେୟାର କରିଥିଲେ ।,0,0,0,0,0,0,ori,[LANG=ori] କିନ୍ତୁ ଧର୍ମେନ୍ଦ୍ରଙ୍କ ନାମ ପାରଙ୍ଗମ ଲିଷ୍ଟରେ ଥିବାରୁ ବିଜେପି କଥା ଭୁଲି ଯାଇ ପିତାମ୍ବର ଆଚାର୍ଯ୍ୟ ଏହାକୁ ସେୟାର କରିଥିଲେ ।,"[-0.10442183911800385, -0.4794670045375824, -3.354573965072632, -2.8062524795532227, -2.5508980751037598, -2.515532970428467]"
ori_79633c1bbf491dc23af9c7673cfbc490,ପୁଲଓ୍ବାମା ଆକ୍ରମଣ ସଂପର୍କରେ ମମତା ବାନାର୍ଜୀ କହିଛନ୍ତି କି ଯୁଦ୍ଧ ନାମରେ ପ୍ରଧାନମନ୍ତ୍ରୀ ମୋଦି ଲୋକଙ୍କ ଜୀବନ ସହ ଖେଳିବାକୁ ଚାହାନ୍ତି ।,0,1,0,1,0,0,ori,[LANG=ori] ପୁଲଓ୍ବାମା ଆକ୍ରମଣ ସଂପର୍କରେ ମମତା ବାନାର୍ଜୀ କହିଛନ୍ତି କି ଯୁଦ୍ଧ ନାମରେ ପ୍ରଧାନମନ୍ତ୍ରୀ ମୋଦି ଲୋକଙ୍କ ଜୀବନ ସହ ଖେଳିବାକୁ ଚାହାନ୍ତି ।,"[-1.7629082202911377, 0.8643212914466858, -3.5964226722717285, 0.5725365877151489, -2.831465721130371, -2.947282314300537]"
ori_90b0446e655ae501de2aa9ce96a2536e,ସୋସିଆଲ୍ ମିଡିଆ ମାଧ୍ୟମରେ ଅଭିଯୋଗ ଶୁଣାଣି ହେଲେ ସରକାର ଓ ସାଧାରଣ ଜନତାଙ୍କ ମଧ୍ୟରେ ସିଧାସଳଖ ମତବିନିମୟ ହୋଇପାରିବ ।,0,0,0,0,0,0,ori,[LANG=ori] ସୋସିଆଲ୍ ମିଡିଆ ମାଧ୍ୟମରେ ଅଭିଯୋଗ ଶୁଣାଣି ହେଲେ ସରକାର ଓ ସାଧାରଣ ଜନତାଙ୍କ ମଧ୍ୟରେ ସିଧାସଳଖ ମତବିନିମୟ ହୋଇପାରିବ ।,"[-3.832900285720825, -3.0877163410186768, -3.147859573364258, -4.056423187255859, -3.9869205951690674, -3.7658531665802]"
ori_487d73ea7381a34ec34849ea55631f53,@USER @USER ଗାଡ଼ି ଭିତରେ ଅଛନ୍ତି ନା ମନ୍ଦିର ଭିତରେ 🤔,0,0,0,0,0,0,ori,[LANG=ori] @USER @USER ଗାଡ଼ି ଭିତରେ ଅଛନ୍ତି ନା ମନ୍ଦିର ଭିତରେ 🤔,"[-2.2766873836517334, -2.1749699115753174, -3.148561954498291, -3.35172700881958, -3.101884365081787, -1.330979824066162]"
ori_2bedb79c84c419dc8c880ecbf96bed85,"@USER ସବୁ ଆବଶ୍ୟକ (ଗ୍ରିଣ୍ଡର୍/ଶିଳ),, evolution on greater rate..... ସମୟ,,, ଆବଶ୍ୟକତା,,,,~ସେଥିପାଇଁ ସବୁ ଆବଶ୍ୟକ",0,0,0,0,0,0,ori,"[LANG=ori] @USER ସବୁ ଆବଶ୍ୟକ (ଗ୍ରିଣ୍ଡର୍/ଶିଳ),, evolution on greater rate..... ସମୟ,,, ଆବଶ୍ୟକତା,,,,~ସେଥିପାଇଁ ସବୁ ଆବଶ୍ୟକ","[-2.5147507190704346, -3.6893486976623535, -3.360886335372925, -2.0011661052703857, -3.7150237560272217, -1.6094199419021606]"
ori_141d855dfabd830982f404338eada582,"ପ୍ରଧାନମନ୍ତ୍ରୀ ନିଜ ହାତରେ କର୍ମଚାରୀ , ସାଧାରଣ ଅଭିଯୋଗ ଏବଂ ପେନ୍ସନ୍ , ଆଣବିକ ଶକ୍ତି , ମହାକାଶ ବିଭାଗ ସମେତ ମନ୍ତ୍ରୀମାନଙ୍କୁ ବଣ୍ଟନ କରାଯାଇନଥିବା ଅନ୍ୟ ଗୁରୁତ୍ୱପୂର୍ଣ୍ଣ ମନ୍ତ୍ରଣାଳୟକୁ ରଖିଛନ୍ତି ।",0,0,0,0,0,0,ori,"[LANG=ori] ପ୍ରଧାନମନ୍ତ୍ରୀ ନିଜ ହାତରେ କର୍ମଚାରୀ , ସାଧାରଣ ଅଭିଯୋଗ ଏବଂ ପେନ୍ସନ୍ , ଆଣବିକ ଶକ୍ତି , ମହାକାଶ ବିଭାଗ ସମେତ ମନ୍ତ୍ରୀମାନଙ୍କୁ ବଣ୍ଟନ କରାଯାଇନଥିବା ଅନ୍ୟ ଗୁରୁତ୍ୱପୂର୍ଣ୍ଣ ମନ୍ତ୍ରଣାଳୟକୁ ରଖିଛନ୍ତି ।","[-3.025319814682007, -2.753230333328247, -3.718400239944458, -3.3816537857055664, -3.4828717708587646, -2.427213430404663]"
ori_c224ccf34257b2e7114a029c01eb341a,"ଆହୁରି ପଢ଼ନ୍ତୁ ବିଦେଶରେ ପାକିସ୍ତାନର ବ୍ୟାଣ୍ଡ ବଜାଇଲେ ଭାରତର ମହିଳା ସାମ୍ୱାଦିକ ଦକ୍ଷିଣ କୋରିଆର ସ୍ୱାସ୍ଥ୍ୟ ମନ୍ତ୍ରଣାଳୟ ପକ୍ଷରୁ ସୂଚନା ଅନୁସାରେ , ମର୍ସ ଜୀବଣୁକୁ ନେଇ ସାଧାରଣରେ ଆତଙ୍କ ଖେଳିଯାଇଛି ।",0,1,0,0,0,0,ori,"[LANG=ori] ଆହୁରି ପଢ଼ନ୍ତୁ ବିଦେଶରେ ପାକିସ୍ତାନର ବ୍ୟାଣ୍ଡ ବଜାଇଲେ ଭାରତର ମହିଳା ସାମ୍ୱାଦିକ ଦକ୍ଷିଣ କୋରିଆର ସ୍ୱାସ୍ଥ୍ୟ ମନ୍ତ୍ରଣାଳୟ ପକ୍ଷରୁ ସୂଚନା ଅନୁସାରେ , ମର୍ସ ଜୀବଣୁକୁ ନେଇ ସାଧାରଣରେ ଆତଙ୍କ ଖେଳିଯାଇଛି ।","[-1.5442869663238525, -1.7936780452728271, -3.2651867866516113, -0.549373209476471, -3.675966262817383, -3.992659568786621]"
ori_a89d43d1252583b013a52830930e97ab,ବିଜେପିକୁ ଜନ ସାଧାରଣଙ୍କ ସମର୍ଥନ ନେଇ ବିଜେଡି ସରକାର ଡରିଲେଣି ।,0,0,0,0,0,0,ori,[LANG=ori] ବିଜେପିକୁ ଜନ ସାଧାରଣଙ୍କ ସମର୍ଥନ ନେଇ ବିଜେଡି ସରକାର ଡରିଲେଣି ।,"[-0.1548510044813156, -0.6577219367027283, -3.2138278484344482, 0.462474524974823, -1.460724949836731, -1.901848316192627]"
ori_8fe8134ee3fdddb253838c08dcaa408f,"ତେବେ ଏହି ଜନଜାତିରେ ପୁରୁଷମାନଙ୍କୁ ନିଜ ଚେହେରା ସମାଜଠାରୁ ଲୁଚାଇ ରଖିବାକୁ ପଡିଥାଏ , ଯାହା ଏଠିକାର ନିୟମ ଅଟେ ।",0,0,0,0,0,0,ori,"[LANG=ori] ତେବେ ଏହି ଜନଜାତିରେ ପୁରୁଷମାନଙ୍କୁ ନିଜ ଚେହେରା ସମାଜଠାରୁ ଲୁଚାଇ ରଖିବାକୁ ପଡିଥାଏ , ଯାହା ଏଠିକାର ନିୟମ ଅଟେ ।","[2.4912431240081787, -2.299774169921875, -4.044179916381836, -1.8939940929412842, -1.761798620223999, -1.3143818378448486]"
ori_023186d3048754ecdff429c2731e8dbf,ଭାରତୀୟ ବାୟୁ ସେନା ଯେତେ ପରିମାଣରେ ଆତଙ୍କବାଦୀ ଶିବିରକୁ ଧ୍ୱଂସ କରାଇଥିବା ସୂଚନା ଦେଇଥିଲା ତାହାକୁ ଅସ୍ୱୀକାର କରିଛି ବିରୋଧୀ ଦଳ କଂଗ୍ରେସ ।,0,0,0,0,0,0,ori,[LANG=ori] ଭାରତୀୟ ବାୟୁ ସେନା ଯେତେ ପରିମାଣରେ ଆତଙ୍କବାଦୀ ଶିବିରକୁ ଧ୍ୱଂସ କରାଇଥିବା ସୂଚନା ଦେଇଥିଲା ତାହାକୁ ଅସ୍ୱୀକାର କରିଛି ବିରୋଧୀ ଦଳ କଂଗ୍ରେସ ।,"[-1.7352087497711182, -0.8189391493797302, -5.120359420776367, -1.5029401779174805, -2.545295476913452, -0.3536696135997772]"
ori_6c70bf3901772d410d2f9bd8846514cd,"ଏହି କାର୍ଯ୍ୟକ୍ରମରେ ରାଷ୍ଟ୍ରପତିଙ୍କ ବ୍ୟତୀତ ଓଡ଼ିଶାର ରାଜ୍ୟପାଳ ପ୍ରଫେସର ଗଣେଶୀ ଲାଲ, ମୁଖ୍ୟମନ୍ତ୍ରୀ ନବୀନ ପଟ୍ଟନାୟକଙ୍କ,କେନ୍ଦ୍ରମନ୍ତ୍ରୀ ଧର୍ମେନ୍ଦ୍ର ପ୍ରଧାନ ଓ ସ୍ଥଳ ସେନା ମୁଖ୍ୟ ବିପିନ ରାୱତ ପ୍ରମୁଖ ମଧ୍ୟ ଉପସ୍ଥିତ ଥିବା ଜଣାଯାଇଛି।",0,0,0,0,0,0,ori,"[LANG=ori] ଏହି କାର୍ଯ୍ୟକ୍ରମରେ ରାଷ୍ଟ୍ରପତିଙ୍କ ବ୍ୟତୀତ ଓଡ଼ିଶାର ରାଜ୍ୟପାଳ ପ୍ରଫେସର ଗଣେଶୀ ଲାଲ, ମୁଖ୍ୟମନ୍ତ୍ରୀ ନବୀନ ପଟ୍ଟନାୟକଙ୍କ,କେନ୍ଦ୍ରମନ୍ତ୍ରୀ ଧର୍ମେନ୍ଦ୍ର ପ୍ରଧାନ ଓ ସ୍ଥଳ ସେନା ମୁଖ୍ୟ ବିପିନ ରାୱତ ପ୍ରମୁଖ ମଧ୍ୟ ଉପସ୍ଥିତ ଥିବା ଜଣାଯାଇଛି।","[-3.6796019077301025, -3.4182183742523193, -3.4836432933807373, -3.4738059043884277, -4.0598273277282715, -3.906803607940674]"
ori_2d5296e5208ddda21a9af4ee4ca74132,ବିଜେଡ଼ି ସରକାରର ତଥା କଥିତ ତୃତୀୟ ମହଲା ଓ କେନ୍ଦ୍ରମନ୍ତ୍ରୀ ଧର୍ମେନ୍ଦ୍ର ପ୍ରଧାନଙ୍କର ମିଳିତ ଉଦ୍ୟମରେ ପ୍ରଦୀପ୍ତ ନାୟକଙ୍କ ପରି ବୃକ୍ଷକୁ ରୋପଣ କରାଯାଇଛି ।,0,0,0,0,0,0,ori,[LANG=ori] ବିଜେଡ଼ି ସରକାରର ତଥା କଥିତ ତୃତୀୟ ମହଲା ଓ କେନ୍ଦ୍ରମନ୍ତ୍ରୀ ଧର୍ମେନ୍ଦ୍ର ପ୍ରଧାନଙ୍କର ମିଳିତ ଉଦ୍ୟମରେ ପ୍ରଦୀପ୍ତ ନାୟକଙ୍କ ପରି ବୃକ୍ଷକୁ ରୋପଣ କରାଯାଇଛି ।,"[0.1414157748222351, 0.2693037688732147, -1.6916037797927856, -0.49056312441825867, -3.3399033546447754, -2.8651533126831055]"
ori_e45f5641cfd354e9584fdb3f4cd32df3,"କୋଲ୍ଡ ଡ୍ରିଙ୍କ୍‌ ପିଉଛନ୍ତି?  ଭୟାବହ ଗବେଷଣା ତଥ୍ୟ:କାଲିଫର୍ଣିଆ ବିଶ୍ୱବିଦ୍ୟାଳୟର ଅଧ୍ୟୟନ (୨୦୨୪) ଅନୁଯାୟୀ, ଯେଉଁମାନେ ପ୍ରତିଦିନ ୩୩୦ ମି.ଲି.ରୁ ଅଧିକ ମୃଦୁ ପାନୀୟ ପିଅନ୍ତି, ସେମାନଙ୍କ ମଧ୍ୟରୁ ୪୫% ଅସ୍ଥି ସମସ୍ୟାରେ ପୀଡିତ। ଏଥିରେ ଅଧିକାଂଶ ଯୁବା ୧୮-୩୫ ବର୍ଷ ବୟସ୍କ! ୧. ଫସଫରସ୍ ବିସ୍ଫୋରକ: ଅସ୍ଥିର ଗୋପନ ଶତ୍ରୁ କୋକ୍, ପେପ୍ସି ଓ ଅନ୍ୟ କୋଲ୍ଡ…",0,0,0,0,0,0,ori,"[LANG=ori] କୋଲ୍ଡ ଡ୍ରିଙ୍କ୍‌ ପିଉଛନ୍ତି?  ଭୟାବହ ଗବେଷଣା ତଥ୍ୟ:କାଲିଫର୍ଣିଆ ବିଶ୍ୱବିଦ୍ୟାଳୟର ଅଧ୍ୟୟନ (୨୦୨୪) ଅନୁଯାୟୀ, ଯେଉଁମାନେ ପ୍ରତିଦିନ ୩୩୦ ମି.ଲି.ରୁ ଅଧିକ ମୃଦୁ ପାନୀୟ ପିଅନ୍ତି, ସେମାନଙ୍କ ମଧ୍ୟରୁ ୪୫% ଅସ୍ଥି ସମସ୍ୟାରେ ପୀଡିତ। ଏଥିରେ ଅଧିକାଂଶ ଯୁବା ୧୮-୩୫ ବର୍ଷ ବୟସ୍କ! ୧. ଫସଫରସ୍ ବିସ୍ଫୋରକ: ଅସ୍ଥିର ଗୋପନ ଶତ୍ରୁ କୋକ୍, ପେପ୍ସି ଓ ଅନ୍ୟ କୋଲ୍ଡ…","[-3.4032437801361084, -3.0512654781341553, -4.344475269317627, -2.9512810707092285, -3.5307958126068115, -2.659256935119629]"
ori_8964b3b9cc5690f326498882181ea43c,ବିଶେଷକରି ନିର୍ବାଚନର କିଛିମାସ ପୂର୍ବରୁ ଡାକ୍ତର ରାଉତଙ୍କ ଏଭଳି ଆକ୍ରମଣାତ୍ମକ ଆଭିମୁଖ୍ୟ ଯୋଗୁ ସାଧାରଣ ଲୋକଙ୍କ ମନରେ ନବୀନ ସରକାର ପ୍ରତି ରହିଥିବା ଆସ୍ଥା ମଧ୍ୟ ପ୍ରଭାବିତ ହେବାରେ ଲାଗିଛି ।,0,0,0,0,0,0,ori,[LANG=ori] ବିଶେଷକରି ନିର୍ବାଚନର କିଛିମାସ ପୂର୍ବରୁ ଡାକ୍ତର ରାଉତଙ୍କ ଏଭଳି ଆକ୍ରମଣାତ୍ମକ ଆଭିମୁଖ୍ୟ ଯୋଗୁ ସାଧାରଣ ଲୋକଙ୍କ ମନରେ ନବୀନ ସରକାର ପ୍ରତି ରହିଥିବା ଆସ୍ଥା ମଧ୍ୟ ପ୍ରଭାବିତ ହେବାରେ ଲାଗିଛି ।,"[-2.0796728134155273, -2.5974998474121094, -3.4654881954193115, -1.0572377443313599, -2.680546760559082, -2.621734857559204]"
ori_b060f2ca5cddc905cfe242ba49997447,0 ସେୟାର ଭୁବନେଶ୍ୱର ପାରାଦୀପରେ ବିମାନବନ୍ଦର ସ୍ଥାପନା କରିବାକୁ କେନ୍ଦ୍ର ବେସାମରିକ ବିମାନ ଚଳାଚଳ ମନ୍ତ୍ରୀ ସୁରେଶ ପ୍ରଭୁଙ୍କୁ ଚିଠି ଲେଖିଛନ୍ତି କେନ୍ଦ୍ର ପେଟ୍ରୋଲିୟମ୍ ମନ୍ତ୍ରୀ ଧର୍ମେନ୍ଦ୍ର ପ୍ରଧାନ ।,0,0,0,0,0,0,ori,[LANG=ori] 0 ସେୟାର ଭୁବନେଶ୍ୱର ପାରାଦୀପରେ ବିମାନବନ୍ଦର ସ୍ଥାପନା କରିବାକୁ କେନ୍ଦ୍ର ବେସାମରିକ ବିମାନ ଚଳାଚଳ ମନ୍ତ୍ରୀ ସୁରେଶ ପ୍ରଭୁଙ୍କୁ ଚିଠି ଲେଖିଛନ୍ତି କେନ୍ଦ୍ର ପେଟ୍ରୋଲିୟମ୍ ମନ୍ତ୍ରୀ ଧର୍ମେନ୍ଦ୍ର ପ୍ରଧାନ ।,"[-3.815211772918701, -3.5733604431152344, -3.4886555671691895, -3.5428924560546875, -3.9562184810638428, -3.654209852218628]"
ori_022f8380499149d746c1bcc7759243b3,"ଆମର ଜୀବନ, ସଂସ୍କୃତି, ଐତିହ୍ୟ ଓ ଧର୍ମ ସହିତ ନଡିଆ ଜଡିତ।",0,0,0,0,0,0,ori,"[LANG=ori] ଆମର ଜୀବନ, ସଂସ୍କୃତି, ଐତିହ୍ୟ ଓ ଧର୍ମ ସହିତ ନଡିଆ ଜଡିତ।","[-1.8512805700302124, -4.084184646606445, -3.861915111541748, -3.6476197242736816, -3.76375412940979, -3.0489847660064697]"
ori_7ee88a737aaac53a6a7a5a529eda1731,"ସରକାରଙ୍କ ଘୋଷଣା ଅନୁଯାୟୀ , ୫ଟି କାର୍ଯ୍ୟକ୍ରମରେ ରାଜ୍ୟ ସରକାର ଜନସାଧାରଣଙ୍କୁ ଗୁଣାତ୍ମକ ସ୍ବାସ୍ଥ୍ୟସେବା ଯୋଗାଇ ଦେବା ଉପରେ ବିଶେଷ ଗୁରୁତ୍ୱ ଦେଉଛନ୍ତି ।",0,0,0,0,0,0,ori,"[LANG=ori] ସରକାରଙ୍କ ଘୋଷଣା ଅନୁଯାୟୀ , ୫ଟି କାର୍ଯ୍ୟକ୍ରମରେ ରାଜ୍ୟ ସରକାର ଜନସାଧାରଣଙ୍କୁ ଗୁଣାତ୍ମକ ସ୍ବାସ୍ଥ୍ୟସେବା ଯୋଗାଇ ଦେବା ଉପରେ ବିଶେଷ ଗୁରୁତ୍ୱ ଦେଉଛନ୍ତି ।","[-3.34995436668396, -3.285853862762451, -3.4221816062927246, -3.9094505310058594, -4.036716938018799, -3.7365784645080566]"
ori_dff3ce41343e29275313104369f0eefc,"ପ୍ରଧାନମନ୍ତ୍ରୀ ଏହି ଗସ୍ତ କାଳରେ ଭିତ୍ତିଭୂମି, ରେଳବାଇ, ବୟନଶିଳ୍ପ, ଆର୍ଥିକ ସଂପୃକ୍ତିକରଣ, ପରିବେଶ ସୁରକ୍ଷା ଓ ପରିମଳ, ପଶୁପାଳନ, ସଂସ୍କୃତି ଓ ଆଧ୍ୟାତ୍ମିକତା ସଂପର୍କୀତ ବିଭିନ୍ନ କାର୍ଯ୍ୟକ୍ରମରେ ଭାଗ ନେବେ ।",0,0,0,0,0,0,ori,"[LANG=ori] ପ୍ରଧାନମନ୍ତ୍ରୀ ଏହି ଗସ୍ତ କାଳରେ ଭିତ୍ତିଭୂମି, ରେଳବାଇ, ବୟନଶିଳ୍ପ, ଆର୍ଥିକ ସଂପୃକ୍ତିକରଣ, ପରିବେଶ ସୁରକ୍ଷା ଓ ପରିମଳ, ପଶୁପାଳନ, ସଂସ୍କୃତି ଓ ଆଧ୍ୟାତ୍ମିକତା ସଂପର୍କୀତ ବିଭିନ୍ନ କାର୍ଯ୍ୟକ୍ରମରେ ଭାଗ ନେବେ ।","[-3.4990298748016357, -3.5146849155426025, -3.5819385051727295, -3.7800803184509277, -4.100998878479004, -3.438473701477051]"
ori_f03ff592d2a7c7774ef802a9c8ea411b,ଶସ୍ତା ଲୋକପ୍ରିୟତା ପାଇଁ ନବୀନ ଲକ୍ଷ ଲକ୍ଷ ଟଙ୍କା ଦେଇ ମେସିନ ମାଧ୍ୟମରେ ନକଲି ଫଲୋଏର ସୃଷ୍ଟି କରିଛନ୍ତି ବୋଲି ବିଜେପି ସାଧାରଣ ସମ୍ପାଦକ ଭୃଗୁ ବକ୍ସିପାତ୍ର କହିଛନ୍ତି ।,1,1,0,0,0,0,ori,[LANG=ori] ଶସ୍ତା ଲୋକପ୍ରିୟତା ପାଇଁ ନବୀନ ଲକ୍ଷ ଲକ୍ଷ ଟଙ୍କା ଦେଇ ମେସିନ ମାଧ୍ୟମରେ ନକଲି ଫଲୋଏର ସୃଷ୍ଟି କରିଛନ୍ତି ବୋଲି ବିଜେପି ସାଧାରଣ ସମ୍ପାଦକ ଭୃଗୁ ବକ୍ସିପାତ୍ର କହିଛନ୍ତି ।,"[-0.48024502396583557, 0.5397323966026306, -3.077815055847168, -0.6934672594070435, -3.5497708320617676, 0.034644968807697296]"
ori_6b98731e58852aa6057edf6c4594e307,@USER ସବୁ,0,0,0,0,0,0,ori,[LANG=ori] @USER ସବୁ,"[-2.8224892616271973, -3.046363115310669, -3.9523088932037354, -3.0789637565612793, -3.8688764572143555, -1.6610642671585083]"
ori_cf43d4c9877a37ba3b3869fcd9280b0c,ସରକାରୀ କାର୍ଯ୍ୟକ୍ରମକୁ ବିଜେପି ଦଳୀୟ କାର୍ଯ୍ୟକ୍ରମରେ ପରିଣତ କରିବାର ଅଭିଯୋଗ କରିଛି ବିଜେଡି ।,0,1,0,0,0,0,ori,[LANG=ori] ସରକାରୀ କାର୍ଯ୍ୟକ୍ରମକୁ ବିଜେପି ଦଳୀୟ କାର୍ଯ୍ୟକ୍ରମରେ ପରିଣତ କରିବାର ଅଭିଯୋଗ କରିଛି ବିଜେଡି ।,"[0.7568823099136353, 0.05366639792919159, -2.061917543411255, -0.7733175158500671, -1.9302047491073608, -2.641003370285034]"
ori_8867f1df354f97a5deeee48b5f44ef50,ବିଜେପି ସାଧାରଣ ସଂପାଦକ ରାଧାମାଧବ ନିର୍ମଳା ସୀତାରମଣଙ୍କ କଥାକୁ ବି ସମର୍ଥନ କରିଛନ୍ତି ।,0,0,0,0,0,0,ori,[LANG=ori] ବିଜେପି ସାଧାରଣ ସଂପାଦକ ରାଧାମାଧବ ନିର୍ମଳା ସୀତାରମଣଙ୍କ କଥାକୁ ବି ସମର୍ଥନ କରିଛନ୍ତି ।,"[-3.3633625507354736, -3.1462087631225586, -3.6276144981384277, -3.1153762340545654, -3.8231592178344727, -4.040884017944336]"
ori_dfe4ce48be3694c7631da7dc7d2a0a80,@USER କିଏ କରିବ ପ୍ରତିବାଦ।ସବୁ ପରା ରାଜନୀତିରେ ବ୍ୟସ୍ତ।ଆଜିକାଲି ବେଶି ମିଡିଆରେ ସେମାନେ ଦେଖାଯାଉଛନ୍ତି।,1,0,0,0,0,0,ori,[LANG=ori] @USER କିଏ କରିବ ପ୍ରତିବାଦ।ସବୁ ପରା ରାଜନୀତିରେ ବ୍ୟସ୍ତ।ଆଜିକାଲି ବେଶି ମିଡିଆରେ ସେମାନେ ଦେଖାଯାଉଛନ୍ତି।,"[0.45728564262390137, -1.0720834732055664, -3.425847291946411, -1.9600359201431274, -3.5522711277008057, -3.026305675506592]"
ori_39b119bb8416c5188874ff7a9387e94d,@USER ମତେ ଲାଗୁଛି ଆପଣେ ଜଣେ ଦେଶଭକ୍ତ ବା ନିଶ୍ଚୟ ଜଣେ ବିଜେପି କର୍ମୀ ହୋଇଥିବେ,0,1,0,0,0,0,ori,[LANG=ori] @USER ମତେ ଲାଗୁଛି ଆପଣେ ଜଣେ ଦେଶଭକ୍ତ ବା ନିଶ୍ଚୟ ଜଣେ ବିଜେପି କର୍ମୀ ହୋଇଥିବେ,"[1.6893383264541626, 0.8867273330688477, -3.767205238342285, -0.11509165167808533, -1.853187084197998, -2.1814846992492676]"
ori_ee4c83f3a47d1b38401eb2e16c0662a7,"ଶନିବାର ଶ୍ରୀନଅର ପକ୍ଷରୁ ଜାରି ପ୍ରେସ୍ ବାର୍ତ୍ତା ମାଧ୍ୟମରେ ଗଜପତି ମହାରାଜା କହିଛନ୍ତି , ଶ୍ରୀମନ୍ଦିର ଓ ଶ୍ରୀକ୍ଷେତ୍ର ହେଉଛି ହିନ୍ଦୁ ସମାଜର ଶ୍ରେଷ୍ଠ ଆରାଧ୍ୟ ପୀଠ ।",0,0,0,0,0,0,ori,"[LANG=ori] ଶନିବାର ଶ୍ରୀନଅର ପକ୍ଷରୁ ଜାରି ପ୍ରେସ୍ ବାର୍ତ୍ତା ମାଧ୍ୟମରେ ଗଜପତି ମହାରାଜା କହିଛନ୍ତି , ଶ୍ରୀମନ୍ଦିର ଓ ଶ୍ରୀକ୍ଷେତ୍ର ହେଉଛି ହିନ୍ଦୁ ସମାଜର ଶ୍ରେଷ୍ଠ ଆରାଧ୍ୟ ପୀଠ ।","[-3.1899092197418213, -3.5139153003692627, -3.8759474754333496, -3.166110038757324, -4.266530513763428, -3.5979251861572266]"
ori_9d216d82dc931f8f61705d8583d54f69,@USER @USER @USER ତୁମକୁ ମିଳିବନି ତୁମେ ଅନ୍ଧ ଭକ୍ତ,1,1,0,0,0,0,ori,[LANG=ori] @USER @USER @USER ତୁମକୁ ମିଳିବନି ତୁମେ ଅନ୍ଧ ଭକ୍ତ,"[-0.8486352562904358, 1.209932565689087, -4.019561767578125, -0.8117812871932983, -2.9441165924072266, -0.5674142241477966]"
ori_9d8e186eedcc4bb70fad85d2e24b6b3c,"@USER କିନ୍ତୁ ସବୁ ସମୟରେ ନୁହେ ,ଅସଲ ସୁନ୍ଦରତା ମେକଅପରେ ନଥାଏ ,ଯେମିତି ପ୍ରକୃତି ଗଢ଼ିଛି ସେଥିରେ ଥାଏ 🖤",0,0,0,0,0,0,ori,"[LANG=ori] @USER କିନ୍ତୁ ସବୁ ସମୟରେ ନୁହେ ,ଅସଲ ସୁନ୍ଦରତା ମେକଅପରେ ନଥାଏ ,ଯେମିତି ପ୍ରକୃତି ଗଢ଼ିଛି ସେଥିରେ ଥାଏ 🖤","[-3.67866587638855, -3.4002256393432617, -3.8456363677978516, -3.9743480682373047, -3.8438637256622314, -3.363539695739746]"
ori_a7d2c41850a3b23b2f8e13c9c7780ba9,"ପ୍ରେମର କୌଣସି ଜାତି , ଧର୍ମ ନଥାଏ ବୋଲି କହି ସଂଗଠନ ପକ୍ଷରୁ ପ୍ରେମକୁ ବିରୋଧ କରିବା ଅନୁଚିତ ବୋଲି କୁହାଯାଇଛି ।",0,0,0,0,0,0,ori,"[LANG=ori] ପ୍ରେମର କୌଣସି ଜାତି , ଧର୍ମ ନଥାଏ ବୋଲି କହି ସଂଗଠନ ପକ୍ଷରୁ ପ୍ରେମକୁ ବିରୋଧ କରିବା ଅନୁଚିତ ବୋଲି କୁହାଯାଇଛି ।","[-4.24542236328125, -3.0224242210388184, -3.4366846084594727, -3.5303874015808105, -3.7893998622894287, -3.6200034618377686]"
ori_104e732f856bf4068f12bf3083d57908,ବିଜେପିର ଏହି ନୀତି ଯୋଗୁ ଦେଶର ଅବସ୍ଥା ଶୋଚନୀୟ ହେବା ସହ ଦଳିତ ଓ ଆଦିବାସୀମାନଙ୍କ ଉପରେ ଆକ୍ରମଣ କରାଯାଉଛି ବୋଲି ଅଭିଯୋଗ କରିଛନ୍ତି କଂଗ୍ରେସ ଅଧ୍ୟକ୍ଷ ରାହୁଲ ଗାନ୍ଧୀ ।,1,0,0,1,0,0,ori,[LANG=ori] ବିଜେପିର ଏହି ନୀତି ଯୋଗୁ ଦେଶର ଅବସ୍ଥା ଶୋଚନୀୟ ହେବା ସହ ଦଳିତ ଓ ଆଦିବାସୀମାନଙ୍କ ଉପରେ ଆକ୍ରମଣ କରାଯାଉଛି ବୋଲି ଅଭିଯୋଗ କରିଛନ୍ତି କଂଗ୍ରେସ ଅଧ୍ୟକ୍ଷ ରାହୁଲ ଗାନ୍ଧୀ ।,"[0.08318175375461578, 1.2094742059707642, -3.168379306793213, 2.796410083770752, -1.9143251180648804, -2.9399077892303467]"
ori_22187c98be5655d8661198525e374cb4,ରସଗୋଲା ଆମର ଓ ଏହା ଆମ ସଂସ୍କୃତି ସହ ହଜାର ହଜାର ବର୍ଷରୁ ଜଡ଼ିତ ବୋଲି ଓଡ଼ିଶା ସରକାର କହି ହେଉଛନ୍ତି ।,0,0,0,0,0,1,ori,[LANG=ori] ରସଗୋଲା ଆମର ଓ ଏହା ଆମ ସଂସ୍କୃତି ସହ ହଜାର ହଜାର ବର୍ଷରୁ ଜଡ଼ିତ ବୋଲି ଓଡ଼ିଶା ସରକାର କହି ହେଉଛନ୍ତି ।,"[-2.6327133178710938, -3.239429235458374, -3.580575942993164, -3.0299746990203857, -3.967285394668579, -2.289471387863159]"
ori_64a810455daba503fce40aabc2e70443,"ବିଗତ ମହାବାତ୍ୟା ବେଳେ କ୍ଷତିଗ୍ରସ୍ତ ମଠ , ମନ୍ଦିର ଓ ଦେବଗୃହ ଆଦି ମରାମତି ଦିଗରେ ସରକାରଙ୍କ ଦେବୋତ୍ତର ବିଭାଗ ପକ୍ଷରୁ ଉଦ୍ୟମ ହେଉନି ।",0,0,0,0,0,0,ori,"[LANG=ori] ବିଗତ ମହାବାତ୍ୟା ବେଳେ କ୍ଷତିଗ୍ରସ୍ତ ମଠ , ମନ୍ଦିର ଓ ଦେବଗୃହ ଆଦି ମରାମତି ଦିଗରେ ସରକାରଙ୍କ ଦେବୋତ୍ତର ବିଭାଗ ପକ୍ଷରୁ ଉଦ୍ୟମ ହେଉନି ।","[-3.7622547149658203, -3.807535171508789, -3.3249754905700684, -3.9508984088897705, -3.5118038654327393, -2.9217348098754883]"
ori_9f6d06a21dcf9ad76080c062d4c232ba,"@USER ରାଗ ନୁହେଁ, ଲୋକଙ୍କ ଚିନ୍ତାଧାରା ଦେଖୁଛି",1,0,0,0,0,0,ori,"[LANG=ori] @USER ରାଗ ନୁହେଁ, ଲୋକଙ୍କ ଚିନ୍ତାଧାରା ଦେଖୁଛି","[-2.644800901412964, -3.1119635105133057, -3.283015251159668, -3.244431972503662, -3.4327869415283203, -3.452894449234009]"
ori_29f24f90cf76f5b11c6d927ab1680e53,ଏଭଳି ସମୟରେ ସୂର୍ଯ୍ୟ ପାତ୍ର ମୋଦିଙ୍କୁ ପ୍ରଶଂସା ଏବଂ କଂଗ୍ରେସ ସମର୍ଥନକୁ ନିନ୍ଦା କରିବା କଥା କହିବା ଏନ୍ଡିଏ ପ୍ରତି ବିଜେଡିର ଦୁର୍ବଳତା ଥିବା ଚର୍ଚ୍ଚାକୁ ବଢାଇଦେଇଛିି ।,0,0,0,1,0,0,ori,[LANG=ori] ଏଭଳି ସମୟରେ ସୂର୍ଯ୍ୟ ପାତ୍ର ମୋଦିଙ୍କୁ ପ୍ରଶଂସା ଏବଂ କଂଗ୍ରେସ ସମର୍ଥନକୁ ନିନ୍ଦା କରିବା କଥା କହିବା ଏନ୍ଡିଏ ପ୍ରତି ବିଜେଡିର ଦୁର୍ବଳତା ଥିବା ଚର୍ଚ୍ଚାକୁ ବଢାଇଦେଇଛିି ।,"[-0.32029175758361816, -0.07376786321401596, -2.5905704498291016, 1.2644308805465698, -1.8751484155654907, -3.5659399032592773]"
ori_e43461a032641f1d07ec5d2883246822,ଅନୁଷ୍ଠାନର ସ୍ମରଣିକା ସମେତ ପୁସ୍ତକ ଅନୁରାଗ ପୁରୁଷୋତମ ଶ୍ରୀ ଜଗନ୍ନାଥ ଓ ପ୍ରାଚୀବିଧ୍ୟା ସଂସ୍କୃତି ଓ ଜ୍ୟେତିଷଶାସ୍ତ୍ର ଅତିଥିଙ୍କ ଦ୍ୱାରା ଉନ୍ମୋଚିତ ହୋଇଥିବା ବେଳେ ଡ଼କ୍ତର ଭାସ୍କର ମିଶ୍ର ଏହାର ସମୀକ୍ଷା କରିଥିଲେ ।,0,0,0,0,0,0,ori,[LANG=ori] ଅନୁଷ୍ଠାନର ସ୍ମରଣିକା ସମେତ ପୁସ୍ତକ ଅନୁରାଗ ପୁରୁଷୋତମ ଶ୍ରୀ ଜଗନ୍ନାଥ ଓ ପ୍ରାଚୀବିଧ୍ୟା ସଂସ୍କୃତି ଓ ଜ୍ୟେତିଷଶାସ୍ତ୍ର ଅତିଥିଙ୍କ ଦ୍ୱାରା ଉନ୍ମୋଚିତ ହୋଇଥିବା ବେଳେ ଡ଼କ୍ତର ଭାସ୍କର ମିଶ୍ର ଏହାର ସମୀକ୍ଷା କରିଥିଲେ ।,"[-3.67802357673645, -3.5034642219543457, -3.51529860496521, -3.8672826290130615, -3.8666210174560547, -3.68198561668396]"
ori_2b6bd30bd7da13e817cc182e185d1639,"ରାଜ୍ୟ ସରକାର ଯେ , ମହିଳା ବିରୋଧୀ ବୋଲି ଜନ ସାଧାରଣଙ୍କ ମନରେ ଧାରଣା ସୃଷ୍ଟି କରିବା ସହ ଏହି ଯାତ୍ରା ମାଧ୍ୟମରେ ମହିଳା ନେତୃତ୍ବର ବିକାଶ ଘଟିବ ବୋଲି ଦଳ କହିଛି ।",0,0,0,0,0,0,ori,"[LANG=ori] ରାଜ୍ୟ ସରକାର ଯେ , ମହିଳା ବିରୋଧୀ ବୋଲି ଜନ ସାଧାରଣଙ୍କ ମନରେ ଧାରଣା ସୃଷ୍ଟି କରିବା ସହ ଏହି ଯାତ୍ରା ମାଧ୍ୟମରେ ମହିଳା ନେତୃତ୍ବର ବିକାଶ ଘଟିବ ବୋଲି ଦଳ କହିଛି ।","[0.23688308894634247, -0.4921049177646637, -5.418176174163818, -0.5305969715118408, -1.7895712852478027, -0.9651883840560913]"
ori_ec353f4b0b652bfeaa65849774d2c617,@USER ଛଡଖାଇ ମାନେ ନୁହଁ ଆମିଷ ପାଇଁ କୌଣସି ଯିବ ର ହତ୍ୟା କରିବା ସେ ପ୍ରେତ୍ୟକ୍ଷ ଭାବେ ହେଉ ବା ପରୋକ୍ଷ ଭାବେ,0,0,0,0,0,0,ori,[LANG=ori] @USER ଛଡଖାଇ ମାନେ ନୁହଁ ଆମିଷ ପାଇଁ କୌଣସି ଯିବ ର ହତ୍ୟା କରିବା ସେ ପ୍ରେତ୍ୟକ୍ଷ ଭାବେ ହେଉ ବା ପରୋକ୍ଷ ଭାବେ,"[-0.11611051857471466, -0.16617709398269653, -1.9716600179672241, 0.7455555200576782, -0.5036334991455078, -2.350776433944702]"
ori_b5a1421a999479dc58dd11dfab28fcec,ଏହି କାର୍ଯ୍ୟକ୍ରମରେ ରାଜ୍ୟ ସୂଚନା ଓ ସଂସ୍କୃତିମନ୍ତ୍ରୀ ଅଶୋକ ପଣ୍ଡା ଯୋଗଦେଇ କହିଲେ ଯେ ନେତାଜୀଙ୍କ ସଂଗ୍ରହାଳୟର ଉନ୍ନତି ପାଇଁ ସରକାର ଆବଶ୍ୟକ ପଦକ୍ଷେପ ନେବେ ।,0,0,0,0,0,0,ori,[LANG=ori] ଏହି କାର୍ଯ୍ୟକ୍ରମରେ ରାଜ୍ୟ ସୂଚନା ଓ ସଂସ୍କୃତିମନ୍ତ୍ରୀ ଅଶୋକ ପଣ୍ଡା ଯୋଗଦେଇ କହିଲେ ଯେ ନେତାଜୀଙ୍କ ସଂଗ୍ରହାଳୟର ଉନ୍ନତି ପାଇଁ ସରକାର ଆବଶ୍ୟକ ପଦକ୍ଷେପ ନେବେ ।,"[-3.8757712841033936, -3.275615692138672, -3.387409210205078, -3.772164821624756, -4.008116722106934, -3.6223361492156982]"
ori_336b9c1275220948dde09a891f741a9a,ପ୍ରଥମେ ବିଜେପି ପ୍ରାର୍ଥୀ ଜଗନ୍ନାଥ ପ୍ରଧାନଙ୍କ ଗାଡି ଉପରକୁ ବୋମାମାଡ଼ କରାଯିବାର କେଇଘଣ୍ଟା ମଧ୍ୟରେ ବିଜେଡି ପ୍ରାର୍ଥୀ ଅନନ୍ତ ନାରାୟଣ ଜେନାଙ୍କ ଉପରକୁ ମରଣାନ୍ତକ ଆକ୍ରମଣ କରାଯାଇଥିବା ଅଭିଯୋଗ ହୋଇଛି ।,0,0,0,0,0,0,ori,[LANG=ori] ପ୍ରଥମେ ବିଜେପି ପ୍ରାର୍ଥୀ ଜଗନ୍ନାଥ ପ୍ରଧାନଙ୍କ ଗାଡି ଉପରକୁ ବୋମାମାଡ଼ କରାଯିବାର କେଇଘଣ୍ଟା ମଧ୍ୟରେ ବିଜେଡି ପ୍ରାର୍ଥୀ ଅନନ୍ତ ନାରାୟଣ ଜେନାଙ୍କ ଉପରକୁ ମରଣାନ୍ତକ ଆକ୍ରମଣ କରାଯାଇଥିବା ଅଭିଯୋଗ ହୋଇଛି ।,"[-3.8901360034942627, -3.452843427658081, -3.1660079956054688, -3.263817310333252, -3.362060785293579, -3.9716427326202393]"
ori_f5fea605e9bbe27c38e782e5a157b265,ଏଥିରେ ଧର୍ମ ଓ ଜାତି ନାମରେ କୌଣସି ବିଭେଦ କରାଯାଇ ନାହିଁ।,0,0,0,0,0,0,ori,[LANG=ori] ଏଥିରେ ଧର୍ମ ଓ ଜାତି ନାମରେ କୌଣସି ବିଭେଦ କରାଯାଇ ନାହିଁ।,"[-3.637213945388794, -3.4740848541259766, -3.1691691875457764, -3.258446216583252, -4.140583515167236, -3.7139570713043213]"
ori_d9408ae4c384984650b1992171df4200,"କିନ୍ତୁ ଅନ୍ୟକୁ ଧର୍ମ , ସଂସ୍କୃତିର ରକ୍ଷା କରିବାକୁ ଉପଦେଶ ଦେଉଥିବା ବିଜେପି ନେତାମାନେ ବାସ୍ତବରେ ନିଜେ କେତେ ସଂସ୍କାରିତ ଏବଂ ଧର୍ମକୁ ସମ୍ମାନ ଦିଅନ୍ତି , ତାହା ଏକ ଭିଡିଓରୁ ଜଣାପଡ଼ୁଛି ।",0,1,0,1,0,0,ori,"[LANG=ori] କିନ୍ତୁ ଅନ୍ୟକୁ ଧର୍ମ , ସଂସ୍କୃତିର ରକ୍ଷା କରିବାକୁ ଉପଦେଶ ଦେଉଥିବା ବିଜେପି ନେତାମାନେ ବାସ୍ତବରେ ନିଜେ କେତେ ସଂସ୍କାରିତ ଏବଂ ଧର୍ମକୁ ସମ୍ମାନ ଦିଅନ୍ତି , ତାହା ଏକ ଭିଡିଓରୁ ଜଣାପଡ଼ୁଛି ।","[0.33601588010787964, 1.379873514175415, -3.4729819297790527, -0.4695846736431122, -0.34724998474121094, -1.908570408821106]"
ori_d3a619a9f7d7bb69fbdbac464203670e,"ରାଜ୍ୟର ଚାଷୀ , ଦୁଗ୍ଧଚାଷୀ , ଜନଜାତି ତଥା ସାଧାରଣ କ୍ଷୀର କିଣୁଥିବା ଖାଉଟିମାନଙ୍କୁ ରାଜ୍ୟ ସରକାରଙ୍କ ଦୁର୍ନୀତି କାରଣରୁ ଆର୍ଥିକ ଶୋଷଣର ଶିକାର ହେବାକୁ ପଡୁଛି ।",0,1,0,0,0,0,ori,"[LANG=ori] ରାଜ୍ୟର ଚାଷୀ , ଦୁଗ୍ଧଚାଷୀ , ଜନଜାତି ତଥା ସାଧାରଣ କ୍ଷୀର କିଣୁଥିବା ଖାଉଟିମାନଙ୍କୁ ରାଜ୍ୟ ସରକାରଙ୍କ ଦୁର୍ନୀତି କାରଣରୁ ଆର୍ଥିକ ଶୋଷଣର ଶିକାର ହେବାକୁ ପଡୁଛି ।","[-1.1657452583312988, -0.39021456241607666, -3.9741265773773193, -0.15557576715946198, -3.2819619178771973, -2.150552988052368]"
ori_6a11f1e120f8f056b5598f78c186fc28,କଂଗ୍ରେସ ନେତା ରାହୁଲ ଗାନ୍ଧୀ ଏ ନେଇ ଟୁଇଟ୍ କରି ପ୍ରଧାନମନ୍ତ୍ରୀଙ୍କୁ ସୋଶାଲ ମିଡିଆ ନୁହେଁ ବରଂ ଘୃଣା ଛାଡିବାକୁ ପରାମର୍ଶ ଦେଇଥିଲେ।,0,1,0,1,0,0,ori,[LANG=ori] କଂଗ୍ରେସ ନେତା ରାହୁଲ ଗାନ୍ଧୀ ଏ ନେଇ ଟୁଇଟ୍ କରି ପ୍ରଧାନମନ୍ତ୍ରୀଙ୍କୁ ସୋଶାଲ ମିଡିଆ ନୁହେଁ ବରଂ ଘୃଣା ଛାଡିବାକୁ ପରାମର୍ଶ ଦେଇଥିଲେ।,"[-2.886470079421997, -0.1268814206123352, -2.8446576595306396, 0.40337085723876953, -2.8941309452056885, -3.8716442584991455]"
ori_61849fbfeed6884fd644e01b8c4cf346,ସରକାର ଗଢିବା ପାଇଁ ବିଜେପିକୁ ଆଉ ୯ ଜଣ ବିଧାୟକଙ୍କ ସମର୍ଥନ ଆବଶ୍ୟକ ଥିବାରୁ କଳେବଳେ କୌଶଳେ କଂଗ୍ରେସ ଓ ଜେଡିଏସ ବିଧାୟକଙ୍କୁ ପ୍ରଲୋଭିତ କରିବାକୁ ବିଜେପି ଚେଷ୍ଟା କରୁଥିବାର ଅଭିଯୋଗ ହୋଇଛି ।,0,1,0,0,0,0,ori,[LANG=ori] ସରକାର ଗଢିବା ପାଇଁ ବିଜେପିକୁ ଆଉ ୯ ଜଣ ବିଧାୟକଙ୍କ ସମର୍ଥନ ଆବଶ୍ୟକ ଥିବାରୁ କଳେବଳେ କୌଶଳେ କଂଗ୍ରେସ ଓ ଜେଡିଏସ ବିଧାୟକଙ୍କୁ ପ୍ରଲୋଭିତ କରିବାକୁ ବିଜେପି ଚେଷ୍ଟା କରୁଥିବାର ଅଭିଯୋଗ ହୋଇଛି ।,"[-1.2811588048934937, 1.3536784648895264, -2.127561092376709, -0.22787955403327942, -1.3901870250701904, -3.8463211059570312]"
ori_85f99fcf363bcb5316497dc6ef21c584,ଆସାମରେ ୧୪ଟି ଲୋକସଭା ଆସନ ଥିବାବେଳେ ଏଠାରେ ହିଁ ବିଜେପିକୁ ସବୁଠୁ ବଡ଼ ଝଟ୍କା ଲାଗିପାରେ ।,0,0,0,0,0,0,ori,[LANG=ori] ଆସାମରେ ୧୪ଟି ଲୋକସଭା ଆସନ ଥିବାବେଳେ ଏଠାରେ ହିଁ ବିଜେପିକୁ ସବୁଠୁ ବଡ଼ ଝଟ୍କା ଲାଗିପାରେ ।,"[-2.904751777648926, -2.069584608078003, -2.5426385402679443, 1.4851398468017578, -1.3213021755218506, -2.8840484619140625]"
ori_702f548755d36a649aeacaa26fdb1d69,କୋଲକାତାର ଏନ୍ଆର୍ଏସ୍ ମେଡିକାଲ କଲେଜରେ ୨ ଜଣ ଡାକ୍ତରଙ୍କୁ ହୋଇଥିବା ମରଣାନ୍ତକ ଆକ୍ରମଣକୁ ଆଇଏମ୍ଏ ନିନ୍ଦାକରିବା ସହ ପଶ୍ଚିମବଙ୍ଗ ସରକାର ଦୃଷ୍ଟାନ୍ତମୂଳକ କାର୍ଯ୍ୟାନୁଷ୍ଠାନ ଗ୍ରହଣ କରିବା ଲାଗି ଦାବି କରିଛି ।,0,0,0,0,0,0,ori,[LANG=ori] କୋଲକାତାର ଏନ୍ଆର୍ଏସ୍ ମେଡିକାଲ କଲେଜରେ ୨ ଜଣ ଡାକ୍ତରଙ୍କୁ ହୋଇଥିବା ମରଣାନ୍ତକ ଆକ୍ରମଣକୁ ଆଇଏମ୍ଏ ନିନ୍ଦାକରିବା ସହ ପଶ୍ଚିମବଙ୍ଗ ସରକାର ଦୃଷ୍ଟାନ୍ତମୂଳକ କାର୍ଯ୍ୟାନୁଷ୍ଠାନ ଗ୍ରହଣ କରିବା ଲାଗି ଦାବି କରିଛି ।,"[-4.090826511383057, -3.1380841732025146, -3.2133846282958984, -3.178462028503418, -3.7381441593170166, -3.9953396320343018]"
ori_ab3074dcd5e90ee27e358ef26ee2fcee,ସରକାର କ୍ଲିନଚିଟ୍ ମିଳିଥିବା ଦାବି କରିବା ଭୁଲ୍ ବୋଲି ସେ କହିଛନ୍ତି ।,0,0,0,1,0,0,ori,[LANG=ori] ସରକାର କ୍ଲିନଚିଟ୍ ମିଳିଥିବା ଦାବି କରିବା ଭୁଲ୍ ବୋଲି ସେ କହିଛନ୍ତି ।,"[-2.4495296478271484, -0.28232258558273315, -4.0916056632995605, -0.6190425753593445, -3.011011838912964, 0.9536702632904053]"
ori_209a1a9a1f31e5fcd77d90ab59ee3f48,@USER @USER @USER ମୁଁ ଗର୍ବ ରେ କହେ ମୁଁ ଜଣେ ଆଦିତ୍ୟ ସେନା 🙏🙏💚🙏🙏,0,0,0,0,0,0,ori,[LANG=ori] @USER @USER @USER ମୁଁ ଗର୍ବ ରେ କହେ ମୁଁ ଜଣେ ଆଦିତ୍ୟ ସେନା 🙏🙏💚🙏🙏,"[-1.2237567901611328, -3.347409725189209, -4.460758209228516, -3.2966432571411133, -4.061319351196289, -3.074604034423828]"
ori_bcfcb5881c11d9eac4b061a1b7d9f671,ସେହିପରି ସୁନ୍ଦରଗଡ଼ ଜିଲ୍ଲାର ବିଭିନ୍ନ କାର୍ଯ୍ୟକ୍ରମରେ କେନ୍ଦ୍ର ଆଦିବାସୀ ବ୍ୟାପାର ମନ୍ତ୍ରୀ ଜୁଏଲ୍ ଓରାମ ଅତିଥି ଭାବେ ଯୋଗଦେବେ ।,0,0,0,0,0,0,ori,[LANG=ori] ସେହିପରି ସୁନ୍ଦରଗଡ଼ ଜିଲ୍ଲାର ବିଭିନ୍ନ କାର୍ଯ୍ୟକ୍ରମରେ କେନ୍ଦ୍ର ଆଦିବାସୀ ବ୍ୟାପାର ମନ୍ତ୍ରୀ ଜୁଏଲ୍ ଓରାମ ଅତିଥି ଭାବେ ଯୋଗଦେବେ ।,"[-3.770702362060547, -3.4415438175201416, -3.3678700923919678, -3.7750632762908936, -4.1003642082214355, -3.5446386337280273]"
ori_243753e797b94b85b3072b6ce9701e9a,"@USER @USER ଯେ କଣ ହେବ, ସେହିଭଳି ସବୁ ଜିଲ୍ଲରେ ଡାକ୍ତରଙ୍କ ଘୋର୍ ଅଭାବ ଯନ୍ତ୍ରାଂଶ ଗୁଡ଼ିଏ ଥିବ,କିନ୍ତୁ ତାକୁ ପରିଚାଳନା କରିବା ପାଇଁ କିଏ ନଥିବେ ll",0,0,0,0,0,0,ori,"[LANG=ori] @USER @USER ଯେ କଣ ହେବ, ସେହିଭଳି ସବୁ ଜିଲ୍ଲରେ ଡାକ୍ତରଙ୍କ ଘୋର୍ ଅଭାବ ଯନ୍ତ୍ରାଂଶ ଗୁଡ଼ିଏ ଥିବ,କିନ୍ତୁ ତାକୁ ପରିଚାଳନା କରିବା ପାଇଁ କିଏ ନଥିବେ ll","[-2.6429216861724854, -3.755295515060425, -3.7160933017730713, -3.4989073276519775, -2.549452304840088, -1.7229145765304565]"
ori_f91563a6f6c9deaa93318b5503bfcc91,ଭାରତର ଏହି ମହାନ୍ ଭୂମି ଅନେକ ମହାପୁରୁଷଙ୍କୁ ଜନ୍ମ ଦେଇଛି ଏବଂ ସେହି ମହାପୁରୁଷମାନେ ମାନବ ଜାତି ପାଇଁ କିଛି ଚମକ୍ରାର ଏବଂ ଅବିସ୍ମରଣୀୟ କାର୍ଯ୍ୟ କରିଛନ୍ତି ।,0,0,0,0,0,0,ori,[LANG=ori] ଭାରତର ଏହି ମହାନ୍ ଭୂମି ଅନେକ ମହାପୁରୁଷଙ୍କୁ ଜନ୍ମ ଦେଇଛି ଏବଂ ସେହି ମହାପୁରୁଷମାନେ ମାନବ ଜାତି ପାଇଁ କିଛି ଚମକ୍ରାର ଏବଂ ଅବିସ୍ମରଣୀୟ କାର୍ଯ୍ୟ କରିଛନ୍ତି ।,"[-2.7847936153411865, -3.8673970699310303, -4.044172286987305, -3.1734580993652344, -4.175679683685303, -2.792370319366455]"
ori_d8e1abcfb381037f89a26fb4c4ef2aa5,@USER ସେମାନେ ମନ୍ଦିର ସେବାରୁ ନିବୃତ ରୁହନ୍ତୁ। ଆଦିବାସୀମାନେ ସେ କାମ କରନ୍ତୁ ।,1,0,0,0,0,0,ori,[LANG=ori] @USER ସେମାନେ ମନ୍ଦିର ସେବାରୁ ନିବୃତ ରୁହନ୍ତୁ। ଆଦିବାସୀମାନେ ସେ କାମ କରନ୍ତୁ ।,"[0.4129415452480316, -1.003313660621643, -3.1621079444885254, -2.5237112045288086, -1.1991207599639893, 0.20660650730133057]"
ori_03420171a4aa06e7c6994bf114b2bef0,ଏବେ ଗଣମାଧ୍ୟମର ଚାପ ଓ ସାଧାରଣରେ ପ୍ରତିକ୍ରିୟା ପ୍ରକାଶ ପାଇବା ପରେ ବିଜେଡି ତାଙ୍କ ହାତ ଛାଡ଼ିବା ସହ ତାଙ୍କୁ କେନ୍ଦ୍ରାପଡ଼ା ସୋସାଇଟିରୁ ଦୂରେଇ ରଖିବାକୁ ମଧ୍ୟ ସରକାରୀସ୍ତରରେ ପଦକ୍ଷେପ ନେଇଛି ।,1,0,0,0,0,0,ori,[LANG=ori] ଏବେ ଗଣମାଧ୍ୟମର ଚାପ ଓ ସାଧାରଣରେ ପ୍ରତିକ୍ରିୟା ପ୍ରକାଶ ପାଇବା ପରେ ବିଜେଡି ତାଙ୍କ ହାତ ଛାଡ଼ିବା ସହ ତାଙ୍କୁ କେନ୍ଦ୍ରାପଡ଼ା ସୋସାଇଟିରୁ ଦୂରେଇ ରଖିବାକୁ ମଧ୍ୟ ସରକାରୀସ୍ତରରେ ପଦକ୍ଷେପ ନେଇଛି ।,"[-1.738808274269104, 0.08193296939134598, -2.0616443157196045, -0.5225012302398682, -3.2222440242767334, -2.8575806617736816]"
ori_4cfe08c9cfa56463c79cd5575a0e9bb4,0 ସେୟାର ଖଣ୍ଡପଡ଼ା : ଖଣ୍ଡପଡ଼ା ଏନ୍ଏସି ଅନ୍ତର୍ଗତ ୧୨ ନମ୍ବର ଓ୍ବାର୍ଡ ଗୋଳାପୋଖରୀ ଗ୍ରାମରେ ମାଳୁଆ କନ୍ଧ ଆଦିବାସୀ ସମ୍ପ୍ରଦାୟର ଲୋକମାନେ କେଉଁ ଆଦିମ କାଳରୁ ରହି ଆସୁଛନ୍ତି ।,0,0,0,0,0,0,ori,[LANG=ori] 0 ସେୟାର ଖଣ୍ଡପଡ଼ା : ଖଣ୍ଡପଡ଼ା ଏନ୍ଏସି ଅନ୍ତର୍ଗତ ୧୨ ନମ୍ବର ଓ୍ବାର୍ଡ ଗୋଳାପୋଖରୀ ଗ୍ରାମରେ ମାଳୁଆ କନ୍ଧ ଆଦିବାସୀ ସମ୍ପ୍ରଦାୟର ଲୋକମାନେ କେଉଁ ଆଦିମ କାଳରୁ ରହି ଆସୁଛନ୍ତି ।,"[-3.133577346801758, -3.7620913982391357, -3.5526745319366455, -3.844921112060547, -4.019157886505127, -3.360963821411133]"
ori_88250ecdf171586606055b93da505c41,ବରୀ ନିର୍ବାଚନ ମଣ୍ଡଳୀର ୨୮ ନଂ ବୁଥରେ ବିଜେପି ଏଜେଂଟକୁ ମାଡ ମାରିବା ସହ ମରଣାନ୍ତକ ଆକ୍ରମଣ କରି ବୁଥ ବାହାରକୁ ପଠାଇ ବିଜେଡି ଗୁଣ୍ଡାମାନଙ୍କ ଦ୍ୱାରା ବୁଥ କ୍ୟପଚରିଂ କରାଯାଇଛି ।,0,0,0,0,0,0,ori,[LANG=ori] ବରୀ ନିର୍ବାଚନ ମଣ୍ଡଳୀର ୨୮ ନଂ ବୁଥରେ ବିଜେପି ଏଜେଂଟକୁ ମାଡ ମାରିବା ସହ ମରଣାନ୍ତକ ଆକ୍ରମଣ କରି ବୁଥ ବାହାରକୁ ପଠାଇ ବିଜେଡି ଗୁଣ୍ଡାମାନଙ୍କ ଦ୍ୱାରା ବୁଥ କ୍ୟପଚରିଂ କରାଯାଇଛି ।,"[-0.12447705864906311, -0.7445821762084961, -1.9418494701385498, -0.3493807911872864, -3.795445680618286, -3.309324264526367]"
ori_d8a7ef63fe2358c382c86084b90c955b,"ସ୍ୱପ୍ନ ସବୁ ଦିନ ଆସେ, ହେଲେ ତୁମେ କେବେ ସେ  ସ୍ୱପ୍ନ ରେ ଆସନୀ.... 😔 #ମନରକଥା",0,0,0,0,0,0,ori,"[LANG=ori] ସ୍ୱପ୍ନ ସବୁ ଦିନ ଆସେ, ହେଲେ ତୁମେ କେବେ ସେ  ସ୍ୱପ୍ନ ରେ ଆସନୀ.... 😔 #ମନରକଥା","[-3.531196355819702, -3.782460927963257, -3.8426735401153564, -3.76947283744812, -3.1592957973480225, -1.9512684345245361]"
ori_2633d227bbfccd43b6680f150765a959,@USER ଆଶା ଭରସା ର ଅନ୍ତିମ ପର୍ଯ୍ୟାୟ ନହେଲେ ବି ଉତ୍କଣ୍ଠା ର ଶେଷ ପର୍ଯ୍ୟାୟ ରେ କନିଷ୍ଠ ଶିକ୍ଷକ ନିଯୁକ୍ତି @USER @USER @USER,0,0,0,0,0,0,ori,[LANG=ori] @USER ଆଶା ଭରସା ର ଅନ୍ତିମ ପର୍ଯ୍ୟାୟ ନହେଲେ ବି ଉତ୍କଣ୍ଠା ର ଶେଷ ପର୍ଯ୍ୟାୟ ରେ କନିଷ୍ଠ ଶିକ୍ଷକ ନିଯୁକ୍ତି @USER @USER @USER,"[-2.779550075531006, -3.4520554542541504, -4.393843173980713, -3.87495493888855, -3.246046304702759, -2.3917698860168457]"
ori_6a543fd340149a890fb5abc1be04f536,"ଜାତି , ଧର୍ମ , ବର୍ଣ୍ଣ , ଲିଙ୍ଗ ନିର୍ବିଶେଷରେ ପରସ୍ପରଙ୍କୁ ଭଲ ପାଇ ବସିଲେ ।",1,0,0,0,0,0,ori,"[LANG=ori] ଜାତି , ଧର୍ମ , ବର୍ଣ୍ଣ , ଲିଙ୍ଗ ନିର୍ବିଶେଷରେ ପରସ୍ପରଙ୍କୁ ଭଲ ପାଇ ବସିଲେ ।","[-2.925734519958496, -3.2157790660858154, -3.5780904293060303, -3.8418378829956055, -3.309845209121704, -4.088064193725586]"
ori_0b353f577f9058b0f34db0dcc4902bd5,ଗ୍ରାମରେ ଅଧିକାଂଶ ଲୋକ ଆଦିବାସୀ ସଂପ୍ରଦାୟର ବସବାସ କରୁଥିବା ବେଳେ ସର୍ଭେ କରିବା ସମୟରେ କେଉଁ ସ୍ତରର ହିତାଧିକାରିଙ୍କୁ ଚୟନ କରି ସରକାରୀ ବାବୁମାନେ ରାସନକାର୍ଡ ଦେଇଛନ୍ତି ତାହା ପ୍ରଶ୍ନବାଚୀ ସୃଷ୍ଟି କରିଛି ।,1,0,0,0,0,1,ori,[LANG=ori] ଗ୍ରାମରେ ଅଧିକାଂଶ ଲୋକ ଆଦିବାସୀ ସଂପ୍ରଦାୟର ବସବାସ କରୁଥିବା ବେଳେ ସର୍ଭେ କରିବା ସମୟରେ କେଉଁ ସ୍ତରର ହିତାଧିକାରିଙ୍କୁ ଚୟନ କରି ସରକାରୀ ବାବୁମାନେ ରାସନକାର୍ଡ ଦେଇଛନ୍ତି ତାହା ପ୍ରଶ୍ନବାଚୀ ସୃଷ୍ଟି କରିଛି ।,"[-1.7838302850723267, -2.236766815185547, -3.5627667903900146, -2.2649872303009033, -3.0555882453918457, -1.216662883758545]"
ori_76c74af34aac5be79ada543a39380753,କୌଣସି ଜାତି ବା ବର୍ଣ୍ଣକୁ ଘୃଣା କଲେ ସମାଜ ତିଷ୍ଠି ପାରିବ ନାହିଁ ଜନତା ଜନାର୍ଦ୍ଧନ ଙ୍କ ହିତାର୍ଥେ କର୍ମ କରିବା ହିଁ ଧର୍ମ ।,0,0,0,0,0,0,ori,[LANG=ori] କୌଣସି ଜାତି ବା ବର୍ଣ୍ଣକୁ ଘୃଣା କଲେ ସମାଜ ତିଷ୍ଠି ପାରିବ ନାହିଁ ଜନତା ଜନାର୍ଦ୍ଧନ ଙ୍କ ହିତାର୍ଥେ କର୍ମ କରିବା ହିଁ ଧର୍ମ ।,"[-3.6364712715148926, -3.499912738800049, -3.5027172565460205, -3.4334521293640137, -4.026635646820068, -3.809756278991699]"
ori_1933c54dc3cd606def4345c2a2b8fd6b,@USER ମଣେ ଭାଗ୍ୟବାନ ନିଜକୁ ମନରେଯେବେଠୁ ସାଙ୍ଗ ପାଇଲି ଜୀବନରେ ରହିଛି ସମ୍ପର୍କ ତା ସରଳତାରେସମୟ ସାଥେ ନିବିଡ଼ ଏ ମନରେ,0,0,0,0,0,0,ori,[LANG=ori] @USER ମଣେ ଭାଗ୍ୟବାନ ନିଜକୁ ମନରେଯେବେଠୁ ସାଙ୍ଗ ପାଇଲି ଜୀବନରେ ରହିଛି ସମ୍ପର୍କ ତା ସରଳତାରେସମୟ ସାଥେ ନିବିଡ଼ ଏ ମନରେ,"[-2.8790173530578613, -3.5362372398376465, -3.8295083045959473, -4.218742370605469, -3.4034483432769775, -3.6092236042022705]"
ori_98d0fd85026b632d93d3479800c5bcd6,ବି ଓ ସ୍ୱାର୍ଥରକ୍ଷା ପାଇଁ ଛାତ୍ର ସମାଜ ସାମିଲ ହୋଇ ଏହି ସଂଗ୍ରାମକୁ ମହାସଂଗ୍ରାମରେ ପରିଣତ କରିବାକୁ ବିଜେଡ଼ି ସଭାପତି ତଥା ମୁଖ୍ୟମନ୍ତ୍ରୀ ନବୀନ ପଟ୍ଟନାୟକ ଆହ୍ୱାନ ଦେଇଛନ୍ତି ।,0,0,0,0,0,0,ori,[LANG=ori] ବି ଓ ସ୍ୱାର୍ଥରକ୍ଷା ପାଇଁ ଛାତ୍ର ସମାଜ ସାମିଲ ହୋଇ ଏହି ସଂଗ୍ରାମକୁ ମହାସଂଗ୍ରାମରେ ପରିଣତ କରିବାକୁ ବିଜେଡ଼ି ସଭାପତି ତଥା ମୁଖ୍ୟମନ୍ତ୍ରୀ ନବୀନ ପଟ୍ଟନାୟକ ଆହ୍ୱାନ ଦେଇଛନ୍ତି ।,"[-2.689976215362549, -2.7751567363739014, -3.7012953758239746, -3.2533419132232666, -4.033596515655518, -4.514089584350586]"
ori_20cdb5592dd098f7eb6f9d99bd741f38,ଏପରି ଅନେକ ଟ୍ରାନ୍ସଜେଣ୍ଡର୍ ଯେଉଁମାନେ ସମାଜର ନିନ୍ଦା ଅପବାଦକୁ ମୁଣ୍ଡରେ ବୋହି ନିଜକୁ ଏକ ସ୍ୱତନ୍ତ୍ର ସ୍ଥାନରେ ପହଞ୍ଚାଇ ପାରିଛନ୍ତି ।,0,0,0,0,0,0,ori,[LANG=ori] ଏପରି ଅନେକ ଟ୍ରାନ୍ସଜେଣ୍ଡର୍ ଯେଉଁମାନେ ସମାଜର ନିନ୍ଦା ଅପବାଦକୁ ମୁଣ୍ଡରେ ବୋହି ନିଜକୁ ଏକ ସ୍ୱତନ୍ତ୍ର ସ୍ଥାନରେ ପହଞ୍ଚାଇ ପାରିଛନ୍ତି ।,"[0.39277344942092896, -1.599419355392456, -4.360245227813721, -0.16063934564590454, -1.311880111694336, -1.5224151611328125]"
ori_f6b0c39ff5b5049551ab38863345a5db,୧୯୮୫ ପରେ ପ୍ରଥମ ଥର ପାଇଁ କଂଗ୍ରେସ ବିକାଶ ଓ ଓ ଅନ୍ୟ ପ୍ରସଙ୍ଗକୁ ଛାଡ଼ି ଜାତିବାଦ ମାଧ୍ୟମରେ ବିଜେପିର ମୁକାବିଲା ପାଇଁ ନିଜକୁ ତୟାର କରିଛି ।,0,0,0,1,0,0,ori,[LANG=ori] ୧୯୮୫ ପରେ ପ୍ରଥମ ଥର ପାଇଁ କଂଗ୍ରେସ ବିକାଶ ଓ ଓ ଅନ୍ୟ ପ୍ରସଙ୍ଗକୁ ଛାଡ଼ି ଜାତିବାଦ ମାଧ୍ୟମରେ ବିଜେପିର ମୁକାବିଲା ପାଇଁ ନିଜକୁ ତୟାର କରିଛି ।,"[-0.595558762550354, -0.654086172580719, -2.5637524127960205, 1.5749505758285522, -2.3385941982269287, -3.764829635620117]"
ori_8523f104e1c4d86387f34978370647b5,ରାଜ୍ୟଗୋଷ୍ଠୀ କ୍ରୀଡ଼ା ପୂର୍ବରୁ ପର୍ତ୍ତୁଗାଲରେ ଆମର କ୍ୟାମ୍ପ ଥିଲା ଏବଂ ଆନ୍ତର୍ଜାତିକ ସ୍ତରରେ ଆମକୁ ଏତେଗୁଡ଼ିଏ ସୁଯୋଗ ଦେଇଥିବାରୁ ମୁଁ ସରକାରଙ୍କୁ ଧନ୍ୟବାଦ ଦେଉଛି ।,0,0,0,0,0,0,ori,[LANG=ori] ରାଜ୍ୟଗୋଷ୍ଠୀ କ୍ରୀଡ଼ା ପୂର୍ବରୁ ପର୍ତ୍ତୁଗାଲରେ ଆମର କ୍ୟାମ୍ପ ଥିଲା ଏବଂ ଆନ୍ତର୍ଜାତିକ ସ୍ତରରେ ଆମକୁ ଏତେଗୁଡ଼ିଏ ସୁଯୋଗ ଦେଇଥିବାରୁ ମୁଁ ସରକାରଙ୍କୁ ଧନ୍ୟବାଦ ଦେଉଛି ।,"[-2.9145750999450684, -3.229536533355713, -3.8127217292785645, -3.99194598197937, -3.97287654876709, -3.660970687866211]"
ori_e899747d5ea4a6c631f03152239f4335,ଭଦ୍ରକ ବିଧାୟକ ଶ୍ରୀ ପଟ୍ଟନାୟକଙ୍କ ସ୍ଥାନରେ ଚଳିତ ୨୦୧୯ ସାଧାରଣ ନିର୍ବାଚନରେ ବିଜେଡି ଦଳରୁ ତାଙ୍କ ପୁତ୍ର ତଥା ଜିଲ୍ଲା ବିଜେଡିର ଉପସଭାପତି ଅସିତ ପଟ୍ଟନାୟକଙ୍କ ନାମକୁ ନେଇ ଅଧିକ ଚର୍ଚ୍ଚା ହେଉଛି ।,0,0,0,0,0,0,ori,[LANG=ori] ଭଦ୍ରକ ବିଧାୟକ ଶ୍ରୀ ପଟ୍ଟନାୟକଙ୍କ ସ୍ଥାନରେ ଚଳିତ ୨୦୧୯ ସାଧାରଣ ନିର୍ବାଚନରେ ବିଜେଡି ଦଳରୁ ତାଙ୍କ ପୁତ୍ର ତଥା ଜିଲ୍ଲା ବିଜେଡିର ଉପସଭାପତି ଅସିତ ପଟ୍ଟନାୟକଙ୍କ ନାମକୁ ନେଇ ଅଧିକ ଚର୍ଚ୍ଚା ହେଉଛି ।,"[-3.361968517303467, -2.913323163986206, -3.4756901264190674, -3.50380277633667, -3.898771047592163, -3.288872241973877]"
ori_2c21c543853de3ff90803ac2faa55e46,ଏହି କାର୍ଯ୍ୟକ୍ରମରେ ବିଜେପିର ଜାତୀୟ ସ୍ତରର ଆଦିବାସୀ ନେତାମାନେ ଯୋଗ ଦେବେ ।,0,0,0,0,0,0,ori,[LANG=ori] ଏହି କାର୍ଯ୍ୟକ୍ରମରେ ବିଜେପିର ଜାତୀୟ ସ୍ତରର ଆଦିବାସୀ ନେତାମାନେ ଯୋଗ ଦେବେ ।,"[-3.836578845977783, -3.393742322921753, -3.153193712234497, -3.5158896446228027, -4.113321304321289, -3.81406569480896]"
ori_e38db326f6062487ab6e24b8b0581553,"ଆମ ବାଲକୋନୀ ସାମନାରେ ଥିବା ବିରାଟ ଓସ୍ତଗଛଟିରୁ ପତ୍ର ସବୁ ଝଡ଼ିଯାଇ ନୂଆ ନାଲି ପତ୍ର କଅଁଳୁଛି। ଫଳରେ ହୁଗୁଳି ନଦୀର ଦୃଶ୍ୟ ସ୍ପଷ୍ଟ ଦେଖାଯାଉଛି। ଅନତିଦୂରରେ ଶ୍ଯାମନଗରର ପ୍ରସିଦ୍ଧ କାଳୀ ମନ୍ଦିର। ନଈ ଆରପଟରେ ଭଦ୍ରେଶ୍ବର ତେଲିନିପାଡା଼ର ଭିକ୍ଟୋରିଆ ଝୋଟ କଳ ଯାହାର ସାଇରନ ଶବ୍ଦ ମଝିରେ ମଝିରେ ସମୟ ମନେପକାଇ ଦିଏ। ଫଟ: ଆତପୁର, ଭାଟପାଡ଼ା।",0,0,0,0,0,0,ori,"[LANG=ori] ଆମ ବାଲକୋନୀ ସାମନାରେ ଥିବା ବିରାଟ ଓସ୍ତଗଛଟିରୁ ପତ୍ର ସବୁ ଝଡ଼ିଯାଇ ନୂଆ ନାଲି ପତ୍ର କଅଁଳୁଛି। ଫଳରେ ହୁଗୁଳି ନଦୀର ଦୃଶ୍ୟ ସ୍ପଷ୍ଟ ଦେଖାଯାଉଛି। ଅନତିଦୂରରେ ଶ୍ଯାମନଗରର ପ୍ରସିଦ୍ଧ କାଳୀ ମନ୍ଦିର। ନଈ ଆରପଟରେ ଭଦ୍ରେଶ୍ବର ତେଲିନିପାଡା଼ର ଭିକ୍ଟୋରିଆ ଝୋଟ କଳ ଯାହାର ସାଇରନ ଶବ୍ଦ ମଝିରେ ମଝିରେ ସମୟ ମନେପକାଇ ଦିଏ। ଫଟ: ଆତପୁର, ଭାଟପାଡ଼ା।","[-3.494112730026245, -3.6537373065948486, -3.379546880722046, -3.813352346420288, -3.8384084701538086, -3.6834511756896973]"
ori_78612ad4856e93a04d9fc2c93bdf6f6b,ସବୁ ବେଳେ ଅନ୍ୟମାନଙ୍କ ପାଈଁ ଭାବୁଥିବା ମଣିଷ ଟା ନିଜ ଅସୁବିଧା ବେଳେ କାହଁକି ଏକୁଟିଆ ପଡ଼ିଯାଏ..... #ମନରକଥା,0,0,0,0,0,0,ori,[LANG=ori] ସବୁ ବେଳେ ଅନ୍ୟମାନଙ୍କ ପାଈଁ ଭାବୁଥିବା ମଣିଷ ଟା ନିଜ ଅସୁବିଧା ବେଳେ କାହଁକି ଏକୁଟିଆ ପଡ଼ିଯାଏ..... #ମନରକଥା,"[-3.727834463119507, -3.723794460296631, -3.835275173187256, -3.9854865074157715, -3.268986225128174, -3.2555367946624756]"
ori_e4af43a29f35df217c21b37a70710460,ଏଥିରେ ପ୍ରତିଶୋଧପରାୟଣ ହୋଇ ବାଟୁଙ୍କ ସମର୍ଥକ ମାନେ ରତନି ମନ୍ଦିର ଛକରେ ବିପକ୍ଷ ଗୋଷ୍ଠୀର ଦେଉଳପେଡ଼ି ସାହିର କାହ୍ନୁ ସ୍ବାଇଁ ( ୩୮ ) ଙ୍କୁ ଆକ୍ରମଣ କରିଥିଲେ ।,0,0,0,0,0,0,ori,[LANG=ori] ଏଥିରେ ପ୍ରତିଶୋଧପରାୟଣ ହୋଇ ବାଟୁଙ୍କ ସମର୍ଥକ ମାନେ ରତନି ମନ୍ଦିର ଛକରେ ବିପକ୍ଷ ଗୋଷ୍ଠୀର ଦେଉଳପେଡ଼ି ସାହିର କାହ୍ନୁ ସ୍ବାଇଁ ( ୩୮ ) ଙ୍କୁ ଆକ୍ରମଣ କରିଥିଲେ ।,"[-2.471578598022461, -2.500544786453247, -3.0712532997131348, -2.227424383163452, -3.2562999725341797, -4.769006252288818]"
ori_61eb6bdfad3c05a0ff9b0ef8d7aa6cae,ପ୍ରଧାନମନ୍ତ୍ରୀଙ୍କୁ ସମାଜର ବିଭିନ୍ନ ବର୍ଗର ଲୋକମାନେ ସାମାଜିକ ଗଣମାଧ୍ୟମ ଏବଂ ନରେନ୍ଦ୍ର ମୋଦୀ ଆପ ମାଧ୍ୟମରେ ଶୁଭେଚ୍ଛା ଜଣାଇଥିଲେ ।,0,0,0,0,0,0,ori,[LANG=ori] ପ୍ରଧାନମନ୍ତ୍ରୀଙ୍କୁ ସମାଜର ବିଭିନ୍ନ ବର୍ଗର ଲୋକମାନେ ସାମାଜିକ ଗଣମାଧ୍ୟମ ଏବଂ ନରେନ୍ଦ୍ର ମୋଦୀ ଆପ ମାଧ୍ୟମରେ ଶୁଭେଚ୍ଛା ଜଣାଇଥିଲେ ।,"[-3.8396942615509033, -3.1529555320739746, -3.3312199115753174, -3.741663694381714, -4.037564277648926, -3.6117405891418457]"
ori_4ec9f4543bb10c27473f627b8852b158,"ଜାତୀୟ ସ୍ତରରେ ମଧ୍ୟ ଭାରତୀୟ ଜନତା ପାର୍ଟିକୁ ଅଣହିନ୍ଦୁ ତଥା ଜାତିଆଣ ରାଜନୀତିର ସମ୍ମୁଖୀନ ହେବାକୁ ପଡ଼ିବ , ଯାହା ବିହାର ନିର୍ବାଚନରେ ସ୍ପଷ୍ଟ ବାରି ହେଉଛି ।",0,0,0,0,0,0,ori,"[LANG=ori] ଜାତୀୟ ସ୍ତରରେ ମଧ୍ୟ ଭାରତୀୟ ଜନତା ପାର୍ଟିକୁ ଅଣହିନ୍ଦୁ ତଥା ଜାତିଆଣ ରାଜନୀତିର ସମ୍ମୁଖୀନ ହେବାକୁ ପଡ଼ିବ , ଯାହା ବିହାର ନିର୍ବାଚନରେ ସ୍ପଷ୍ଟ ବାରି ହେଉଛି ।","[0.20079708099365234, -0.8235200047492981, -3.534557819366455, 1.3317474126815796, -1.5794847011566162, -2.7570366859436035]"
ori_bcaf1cc22a128ccd16e8cba02bfbc11d,"@USER ପ୍ରାର୍ଥୀ ବିରେନ ପଟ୍ଟନାୟକ ଓ ତାଙ୍କ ପତ୍ନୀଙ୍କ ଘରେ ଆକ୍ରମଣ ଅଭିଯୋଗ । ଉଭୟ ସ୍ବାମୀ, ସ୍ତ୍ରୀ ଗତକାଲି ନିର୍ବାଚନ ଫଳାଫଳରେ ପରାଜିତ ହୋଇଛନ୍ତି ।",0,0,0,0,0,0,ori,"[LANG=ori] @USER ପ୍ରାର୍ଥୀ ବିରେନ ପଟ୍ଟନାୟକ ଓ ତାଙ୍କ ପତ୍ନୀଙ୍କ ଘରେ ଆକ୍ରମଣ ଅଭିଯୋଗ । ଉଭୟ ସ୍ବାମୀ, ସ୍ତ୍ରୀ ଗତକାଲି ନିର୍ବାଚନ ଫଳାଫଳରେ ପରାଜିତ ହୋଇଛନ୍ତି ।","[-2.2767982482910156, -1.8006658554077148, -3.883878707885742, -3.0138473510742188, -2.9831159114837646, -1.8177558183670044]"
ori_c0c732155db253feb7e96cdbe55f8387,"ଦିଲ୍ଲୀ ଚିଫ୍ ଇଲେକ୍ଟୋରାଲ୍ ଅଫିସର୍ ଦେଇଥିବା ବିବୃତିରେ କହିଛନ୍ତିଃ ଆଦର୍ଶ ଆଚରଣବିଧି ଅନୁସାରେ , ନିର୍ବଚାନ ପ୍ରଚାର ଅଭିଯାନ ସମୟରେ ଜାତି ଓ ଧର୍ମର ବ୍ୟବହାର ସମ୍ପୂର୍ଣ୍ଣ ନିଷିଦ୍ଧ ।",0,0,0,0,0,0,ori,"[LANG=ori] ଦିଲ୍ଲୀ ଚିଫ୍ ଇଲେକ୍ଟୋରାଲ୍ ଅଫିସର୍ ଦେଇଥିବା ବିବୃତିରେ କହିଛନ୍ତିଃ ଆଦର୍ଶ ଆଚରଣବିଧି ଅନୁସାରେ , ନିର୍ବଚାନ ପ୍ରଚାର ଅଭିଯାନ ସମୟରେ ଜାତି ଓ ଧର୍ମର ବ୍ୟବହାର ସମ୍ପୂର୍ଣ୍ଣ ନିଷିଦ୍ଧ ।","[-3.573594570159912, -3.5008928775787354, -3.399085760116577, -2.9134137630462646, -3.9283671379089355, -3.787872076034546]"
ori_9bca8b83f5349ad917a1252161a7526f,@USER ସବୁ ଗୋବରା ଭକ୍ତ,0,1,0,1,0,0,ori,[LANG=ori] @USER ସବୁ ଗୋବରା ଭକ୍ତ,"[1.1549208164215088, -1.4982023239135742, -3.390348196029663, -0.1586618572473526, -2.9926326274871826, -2.5279107093811035]"
ori_868cbad86c1996b0bb9a63d03fd63acf,ମହିଳା ସରପଞ୍ଚ ନୀଳିମା ମଳିକ ଆଦିବାସୀ ଜାତି ହଡପ କରି ପଂଚାୟତ ର୍ନିବାଚନରେ ଜିତିଥିବା ଅଭିଯୋଗ କରିଛନ୍ତି ।,0,1,0,0,0,0,ori,[LANG=ori] ମହିଳା ସରପଞ୍ଚ ନୀଳିମା ମଳିକ ଆଦିବାସୀ ଜାତି ହଡପ କରି ପଂଚାୟତ ର୍ନିବାଚନରେ ଜିତିଥିବା ଅଭିଯୋଗ କରିଛନ୍ତି ।,"[0.03733738511800766, 1.105528473854065, -3.4759409427642822, 0.16396373510360718, -2.478292942047119, 0.16840732097625732]"
ori_f468e18372e9ed54b8c2019a0349f690,"ଆମେ ସମାଜର ବିଭିନ୍ନ ବର୍ଗର ପ୍ରତିନିଧ, ଜନସାଧାରଣ ତଥା ବିଶେଷଜ୍ଞମାନଙ୍କ ସହିତ ପ୍ରାକ୍-ବଜେଟ୍ ପରାମର୍ଶ କରିଛୁ ଏବଂ ଏହି ବର୍ଷ 18 ଶହରୁ ଉର୍ଦ୍ଧ ମତାମତ ପାଇଛୁ ।",0,0,0,0,0,0,ori,"[LANG=ori] ଆମେ ସମାଜର ବିଭିନ୍ନ ବର୍ଗର ପ୍ରତିନିଧ, ଜନସାଧାରଣ ତଥା ବିଶେଷଜ୍ଞମାନଙ୍କ ସହିତ ପ୍ରାକ୍-ବଜେଟ୍ ପରାମର୍ଶ କରିଛୁ ଏବଂ ଏହି ବର୍ଷ 18 ଶହରୁ ଉର୍ଦ୍ଧ ମତାମତ ପାଇଛୁ ।","[-3.6616580486297607, -3.1648991107940674, -3.422234296798706, -3.9209001064300537, -3.923092842102051, -3.7106094360351562]"
ori_d74ab3effd5143e66e96a7348a4a7248,ତେଣେ ବିଜେପି ସହ ଲଢ଼ିବାକୁ କଂଗ୍ରେସ ଉତ୍ତର କର୍ଣ୍ଣାଟକରେ ବୀରଶୈବ - ଲିଙ୍ଗାୟାତ ସମ୍ପ୍ରଦାୟଙ୍କ ମଧ୍ୟରେ ଥିବା ବିଭେଦକୁ ଉସ୍କାଉଛି ।,1,0,0,1,0,0,ori,[LANG=ori] ତେଣେ ବିଜେପି ସହ ଲଢ଼ିବାକୁ କଂଗ୍ରେସ ଉତ୍ତର କର୍ଣ୍ଣାଟକରେ ବୀରଶୈବ - ଲିଙ୍ଗାୟାତ ସମ୍ପ୍ରଦାୟଙ୍କ ମଧ୍ୟରେ ଥିବା ବିଭେଦକୁ ଉସ୍କାଉଛି ।,"[0.45576968789100647, -0.2091917246580124, -2.999943256378174, 0.5546799898147583, -2.5912768840789795, -2.5204830169677734]"
ori_5caaf5812a56ba6ca853952895e74b10,@USER ବାହାହେଲେ ସବୁ ସରିଗଲା  ଖାଲି ଟେନସନ,1,0,0,0,0,0,ori,[LANG=ori] @USER ବାହାହେଲେ ସବୁ ସରିଗଲା  ଖାଲି ଟେନସନ,"[-2.792078971862793, -3.4642810821533203, -4.355659484863281, -3.9115426540374756, -3.305912494659424, -2.687807321548462]"
ori_57ab9c46fbdff3f159b3e23ba68e3b84,@USER ତାହେଲେ ସିନା ମଜହବି ଭାଇଚାରା ବିଜ୍ଞାପନ କରିହେବ?,1,0,0,0,0,0,ori,[LANG=ori] @USER ତାହେଲେ ସିନା ମଜହବି ଭାଇଚାରା ବିଜ୍ଞାପନ କରିହେବ?,"[-3.058265447616577, -3.5029103755950928, -3.2462375164031982, -3.6293599605560303, -3.3994367122650146, -3.20561146736145]"
ori_a7f1e066645059220d32cf964958bb77,ଏହି କାର୍ଯ୍ୟକ୍ରମ ଚଣ୍ଡି ମନ୍ଦିରଠାରୁ ଆରମ୍ଭ ହୋଇ ଗ୍ରାମରେ ଅଳିଆ ଆବର୍ଜନା ପୂର୍ଣ୍ଣ ସ୍ଥାନକୁ ସ୍ୱଚ୍ଛ ଭାରତ ମିଶନର ବିଜେପି କର୍ମୀମାନଙ୍କ ଦ୍ୱାରା ସଫେଇ କାର୍ଯ୍ୟକ୍ରମ କରାଯାଇଥିଲା ।,0,0,0,0,0,0,ori,[LANG=ori] ଏହି କାର୍ଯ୍ୟକ୍ରମ ଚଣ୍ଡି ମନ୍ଦିରଠାରୁ ଆରମ୍ଭ ହୋଇ ଗ୍ରାମରେ ଅଳିଆ ଆବର୍ଜନା ପୂର୍ଣ୍ଣ ସ୍ଥାନକୁ ସ୍ୱଚ୍ଛ ଭାରତ ମିଶନର ବିଜେପି କର୍ମୀମାନଙ୍କ ଦ୍ୱାରା ସଫେଇ କାର୍ଯ୍ୟକ୍ରମ କରାଯାଇଥିଲା ।,"[-3.0488834381103516, -3.131002187728882, -3.4949443340301514, -3.6343932151794434, -3.7490761280059814, -3.944173812866211]"
ori_394dc080ee76350990b2a230cf303ba6,ସଭାରେ ବିଧାୟକ ମହିଳା ଓ ସାଧାରଣ ଜନତାଙ୍କୁ ଉଦ୍ବୋଧନ ଦେଇ ରାଜ୍ୟ ସରକାରଙ୍କୁ ମଜଭୁତ କରିବାକୁ ପଞ୍ଚାୟତ ସ୍ତରରୁ ଜନସମର୍ଥନର ଆବଶ୍ୟକତା ରହିଛି ବୋଲି କହିଥିଲେ ।,0,0,0,0,0,0,ori,[LANG=ori] ସଭାରେ ବିଧାୟକ ମହିଳା ଓ ସାଧାରଣ ଜନତାଙ୍କୁ ଉଦ୍ବୋଧନ ଦେଇ ରାଜ୍ୟ ସରକାରଙ୍କୁ ମଜଭୁତ କରିବାକୁ ପଞ୍ଚାୟତ ସ୍ତରରୁ ଜନସମର୍ଥନର ଆବଶ୍ୟକତା ରହିଛି ବୋଲି କହିଥିଲେ ।,"[-3.3742172718048096, -3.2562129497528076, -3.5155792236328125, -3.7286124229431152, -3.9552009105682373, -3.9084763526916504]"
ori_385b108443455f98a8aee271ee8cb461,ଯେହେତୁ ବିଜେପି ସରକାରକୁ ଆସିବାର ନାହିଁ ତେଣୁ ଭୋଟ ବେଳେ ଏଭଳି ପ୍ରତିଶ୍ରୁତି ଦେଇଦେଇ ଭୁଲିଗଲେ କ୍ଷତି କିଛି ନାହିଁ ବୋଲି ଦୁଇ ସହଯୋଗୀ ପରାମର୍ଶ ଦେଇଥିଲେ ।,1,0,0,0,0,0,ori,[LANG=ori] ଯେହେତୁ ବିଜେପି ସରକାରକୁ ଆସିବାର ନାହିଁ ତେଣୁ ଭୋଟ ବେଳେ ଏଭଳି ପ୍ରତିଶ୍ରୁତି ଦେଇଦେଇ ଭୁଲିଗଲେ କ୍ଷତି କିଛି ନାହିଁ ବୋଲି ଦୁଇ ସହଯୋଗୀ ପରାମର୍ଶ ଦେଇଥିଲେ ।,"[-2.7977712154388428, -1.9370415210723877, -4.6125617027282715, -2.847480297088623, -3.3197474479675293, -2.4172234535217285]"
ori_74d8f34c54f8833f6053ee38add42ed8,@USER ଯେଉଁ ମନୁଷ୍ୟ ଏ ସମାଜ ରେ ଦୁଃଖ ରୁ ହିଁ ଜୀବନ ଆରମ୍ଭ କରିଥିବ ସେ ହିଁ ଏ ସଂସାରରେ ଦୁଃଖ ଲୋକ ର ମନ କଥା ବୁଝିପାରିବ।,0,0,0,0,0,0,ori,[LANG=ori] @USER ଯେଉଁ ମନୁଷ୍ୟ ଏ ସମାଜ ରେ ଦୁଃଖ ରୁ ହିଁ ଜୀବନ ଆରମ୍ଭ କରିଥିବ ସେ ହିଁ ଏ ସଂସାରରେ ଦୁଃଖ ଲୋକ ର ମନ କଥା ବୁଝିପାରିବ।,"[-3.1067440509796143, -3.6677441596984863, -3.8577558994293213, -4.136632442474365, -3.3275644779205322, -3.6589972972869873]"
ori_6b6f9b9bccac520aa5c8764d0f5e1301,ବିଧାନସଭାରେ ବିରୋଧୀଙ୍କ କଣ୍ଠରୋଧ କରି ଗଣତନ୍ତ୍ରକୁ ହତ୍ୟା କରାଯାଉଥିବା ଅଭିଯୋଗ କରିବା ସହ ଶିଶୁଭବନରେ ଶିଶୁମୃତ୍ୟୁ ପ୍ରସଙ୍ଗ ଉଠାଇ ଦଳ ରାଜ୍ୟ ସରକାରଙ୍କୁ ଟାର୍ଗେଟ କରିଛି ।,0,1,0,1,1,0,ori,[LANG=ori] ବିଧାନସଭାରେ ବିରୋଧୀଙ୍କ କଣ୍ଠରୋଧ କରି ଗଣତନ୍ତ୍ରକୁ ହତ୍ୟା କରାଯାଉଥିବା ଅଭିଯୋଗ କରିବା ସହ ଶିଶୁଭବନରେ ଶିଶୁମୃତ୍ୟୁ ପ୍ରସଙ୍ଗ ଉଠାଇ ଦଳ ରାଜ୍ୟ ସରକାରଙ୍କୁ ଟାର୍ଗେଟ କରିଛି ।,"[-2.2428948879241943, 0.22501589357852936, -1.8631166219711304, 1.5216460227966309, -2.116340160369873, -4.443039417266846]"
ori_cd43c6a9147d79c460df1a7db3fe69e6,"@USER @USER ନାଇ ସବୁ ଗୋବରମୁଣ୍ଡି ହି ଜ୍ଞାନୀ, ଗୋଟେ ସର୍ଭେ ରୁ ଜଣା ପଡିଚି",1,1,0,1,0,0,ori,"[LANG=ori] @USER @USER ନାଇ ସବୁ ଗୋବରମୁଣ୍ଡି ହି ଜ୍ଞାନୀ, ଗୋଟେ ସର୍ଭେ ରୁ ଜଣା ପଡିଚି","[2.3160386085510254, -0.8239626288414001, -3.6069939136505127, 0.49124452471733093, -2.0604379177093506, 0.5230840444564819]"
ori_8c633594d53f40af013c61cee136a3f0,"@USER @USER @USER କାରଣ ସରକାରୀ school ବନ୍ଦ ହେଉଥିବା ବେଳେ, ଆଧୁନିକ ବେସରକାରୀ school ଖୋଲୁଛି",0,0,0,0,0,0,ori,"[LANG=ori] @USER @USER @USER କାରଣ ସରକାରୀ school ବନ୍ଦ ହେଉଥିବା ବେଳେ, ଆଧୁନିକ ବେସରକାରୀ school ଖୋଲୁଛି","[-2.3126866817474365, -3.303046703338623, -3.9360923767089844, -3.2757153511047363, -3.0110065937042236, -1.4996005296707153]"
ori_6d0827f67bb2d1a2685cdbc155d221a0,"ପ୍ରଧାନମନ୍ତ୍ରୀ ଆବାସ ଯୋଜନା ରେ ବଡ଼ ପରିବର୍ତ୍ତନ  ପ୍ରଧାନମନ୍ତ୍ରୀ ଆବାସ ଯୋଜନା (ଗ୍ରାମୀଣ) ସହିତ ଜଡିତ ଏକ ଆଶ୍ୱାସନଦାୟକ ଖବର ଆସିଛି, ଯାହା ଗ୍ରାମାଞ୍ଚଳର ଅନେକ ଗରିବ ଓ ଘରହୀନ ପରିବାର ପାଇଁ ଆଶା ଜଗାଇଛି। ସରକାର ଏହି ଯୋଜନାର ଯୋଗ୍ୟତା ସର୍ତ୍ତାବଳୀରେ ପରିବର୍ତ୍ତନ କରିଥିବାରୁ ବହୁତ ଲୋକ ଏବେ ଘର ପାଇବାର ସୁଯୋଗ ମିଳିବ। ଏବେ କେବଳ ୧୦ଟି ସର୍ତ୍ତ, ପୂର୍ବରୁ…",0,0,0,0,0,0,ori,"[LANG=ori] ପ୍ରଧାନମନ୍ତ୍ରୀ ଆବାସ ଯୋଜନା ରେ ବଡ଼ ପରିବର୍ତ୍ତନ  ପ୍ରଧାନମନ୍ତ୍ରୀ ଆବାସ ଯୋଜନା (ଗ୍ରାମୀଣ) ସହିତ ଜଡିତ ଏକ ଆଶ୍ୱାସନଦାୟକ ଖବର ଆସିଛି, ଯାହା ଗ୍ରାମାଞ୍ଚଳର ଅନେକ ଗରିବ ଓ ଘରହୀନ ପରିବାର ପାଇଁ ଆଶା ଜଗାଇଛି। ସରକାର ଏହି ଯୋଜନାର ଯୋଗ୍ୟତା ସର୍ତ୍ତାବଳୀରେ ପରିବର୍ତ୍ତନ କରିଥିବାରୁ ବହୁତ ଲୋକ ଏବେ ଘର ପାଇବାର ସୁଯୋଗ ମିଳିବ। ଏବେ କେବଳ ୧୦ଟି ସର୍ତ୍ତ, ପୂର୍ବରୁ…","[-3.0940959453582764, -3.6671159267425537, -3.8192198276519775, -3.7077155113220215, -3.9975099563598633, -3.0631463527679443]"
ori_b2341f99f639503e9dfb6f40a94c69e5,୨୦୧୯ ସାଧାରଣ ନିର୍ବାଚନ ପାଇଁ ବର୍ତ୍ତମାନର ପ୍ରଧାନମନ୍ତ୍ରୀ ନରେନ୍ଦ୍ର ମୋଦିଙ୍କ ବ୍ୟତୀତ ଏହି ଦୁଇଜଣଙ୍କ ନାମ ଏବେ ବେଶ୍ ଚର୍ଚ୍ଚାରେ ରହିଥିଲାବେଳେ ଆଜିର ଏହି ଦୃଶ୍ୟ ବେଶ୍ ରୋଚକ ଥିଲା ।,0,0,0,0,0,0,ori,[LANG=ori] ୨୦୧୯ ସାଧାରଣ ନିର୍ବାଚନ ପାଇଁ ବର୍ତ୍ତମାନର ପ୍ରଧାନମନ୍ତ୍ରୀ ନରେନ୍ଦ୍ର ମୋଦିଙ୍କ ବ୍ୟତୀତ ଏହି ଦୁଇଜଣଙ୍କ ନାମ ଏବେ ବେଶ୍ ଚର୍ଚ୍ଚାରେ ରହିଥିଲାବେଳେ ଆଜିର ଏହି ଦୃଶ୍ୟ ବେଶ୍ ରୋଚକ ଥିଲା ।,"[-3.7816097736358643, -2.9327523708343506, -3.42765736579895, -3.539367198944092, -4.194661617279053, -3.5235021114349365]"
ori_53b82134fd030dfda60ce467d2836238,"ନୋବଲ୍ କଣ ଟ୍ରେଣ୍ଡ କରୁଛ କିରେ? କୋହଲି ଯଦି କହିବ, ସବୁ ବଲ୍ ନୋବଲ୍ ହବ। 😏",1,0,0,0,0,0,ori,"[LANG=ori] ନୋବଲ୍ କଣ ଟ୍ରେଣ୍ଡ କରୁଛ କିରେ? କୋହଲି ଯଦି କହିବ, ସବୁ ବଲ୍ ନୋବଲ୍ ହବ। 😏","[-2.3246192932128906, -2.056028127670288, -4.057731628417969, -2.331024408340454, -2.412074327468872, -2.354813814163208]"
ori_1eca9ee014d15de22c3a81488bf35b5b,ମିଳିଥିବା ତଥ୍ୟ ଅନୁଯାୟୀ - ସରକାର ଭାଗବତ ଟୁଙ୍ଗି ପୁନରୁଦ୍ଧାର କରିବା ପାଇଁ ସଂସ୍କୃତି ବିଭାଗ ଜରିଆରେ ଭଦ୍ରକ ଜିଲ୍ଲାରେ ୨୦୧୫ରେ ସର୍ଭେ କରାଇଥିଲେ ।,0,0,0,0,0,0,ori,[LANG=ori] ମିଳିଥିବା ତଥ୍ୟ ଅନୁଯାୟୀ - ସରକାର ଭାଗବତ ଟୁଙ୍ଗି ପୁନରୁଦ୍ଧାର କରିବା ପାଇଁ ସଂସ୍କୃତି ବିଭାଗ ଜରିଆରେ ଭଦ୍ରକ ଜିଲ୍ଲାରେ ୨୦୧୫ରେ ସର୍ଭେ କରାଇଥିଲେ ।,"[-3.905566930770874, -3.3407232761383057, -3.160656213760376, -3.7584972381591797, -4.032667636871338, -3.742809772491455]"
ori_56b2cb2381e7c61f795affabb3093851,"ଗୁପ୍ତ ଗର୍ଭଧାରଣ କଣ?  ଗର୍ଭଧାରଣ ହେଉଛି ମହିଳାଙ୍କ ଜୀବନର ଏକ ଗୁରୁତ୍ୱପୂର୍ଣ୍ଣ ଅନୁଭବ, କିନ୍ତୁ କେତେକ ସମୟରେ ଏହା ଗୁପ୍ତ ଭାବରେ ଘଟେ। ମାନବ ଶରୀର ଏପରି ଜଟିଳ ଯନ୍ତ୍ରଣା ଯାହା ଗୋଟିଏ ନିଶ୍ଚିତ ଆକାରରେ ଲକ୍ଷଣ ପ୍ରଦର୍ଶନ କରେ ନାହିଁ। ଏହିପରି ଗୁପ୍ତ ଗର୍ଭଧାରଣ କେବଳ ଜଣେ ମହିଳା ପାଇଁ ନୁହେଁ, ବରଂ ସାମାଜିକ ଓ ଚିକିତ୍ସା ଚେତନା ପାଇଁ ମଧ୍ୟ ଗଭୀର…",0,0,0,0,0,0,ori,"[LANG=ori] ଗୁପ୍ତ ଗର୍ଭଧାରଣ କଣ?  ଗର୍ଭଧାରଣ ହେଉଛି ମହିଳାଙ୍କ ଜୀବନର ଏକ ଗୁରୁତ୍ୱପୂର୍ଣ୍ଣ ଅନୁଭବ, କିନ୍ତୁ କେତେକ ସମୟରେ ଏହା ଗୁପ୍ତ ଭାବରେ ଘଟେ। ମାନବ ଶରୀର ଏପରି ଜଟିଳ ଯନ୍ତ୍ରଣା ଯାହା ଗୋଟିଏ ନିଶ୍ଚିତ ଆକାରରେ ଲକ୍ଷଣ ପ୍ରଦର୍ଶନ କରେ ନାହିଁ। ଏହିପରି ଗୁପ୍ତ ଗର୍ଭଧାରଣ କେବଳ ଜଣେ ମହିଳା ପାଇଁ ନୁହେଁ, ବରଂ ସାମାଜିକ ଓ ଚିକିତ୍ସା ଚେତନା ପାଇଁ ମଧ୍ୟ ଗଭୀର…","[-3.8550784587860107, -3.621300458908081, -3.6739916801452637, -3.8109428882598877, -3.650653123855591, -3.268589735031128]"
ori_ccd5931a5bdec8bfe27301c16b6820e4,ଓଡ଼ିଶାର ୬୨ଟି ଜନଜାତି ସମ୍ପ୍ରଦାୟର ବିକାଶ ପାଇଁ ସରକାରୀ ଯୋଜନାର କାର୍ଯ୍ୟକାରିତାର ଏକ ଝଲକ୍ ମଧ୍ୟ ଚଳିତଥର ମେଳାର ମୁଖ୍ୟ ଆକର୍ଷଣ ହେବ ।,0,0,0,0,0,0,ori,[LANG=ori] ଓଡ଼ିଶାର ୬୨ଟି ଜନଜାତି ସମ୍ପ୍ରଦାୟର ବିକାଶ ପାଇଁ ସରକାରୀ ଯୋଜନାର କାର୍ଯ୍ୟକାରିତାର ଏକ ଝଲକ୍ ମଧ୍ୟ ଚଳିତଥର ମେଳାର ମୁଖ୍ୟ ଆକର୍ଷଣ ହେବ ।,"[-3.573392152786255, -3.5931167602539062, -3.699737310409546, -3.9361603260040283, -3.9025185108184814, -3.3370566368103027]"
ori_05f10a27f648f0a6b86ea5782bc31b85,ତ୍ରିପୁରାରେ ବିଜେପିକୁ ସମର୍ଥନ ଦେବା ଭଳି ଓଡିଶାରେ ମଧ୍ୟ ଆଗାମୀ ଦିନରେ ବିଜେପିକୁ ସାଧାରଣ ଜନତା ସମର୍ଥନ ଦେବେ ।,0,0,0,0,0,0,ori,[LANG=ori] ତ୍ରିପୁରାରେ ବିଜେପିକୁ ସମର୍ଥନ ଦେବା ଭଳି ଓଡିଶାରେ ମଧ୍ୟ ଆଗାମୀ ଦିନରେ ବିଜେପିକୁ ସାଧାରଣ ଜନତା ସମର୍ଥନ ଦେବେ ।,"[-0.8656306862831116, -3.640711784362793, -4.093575477600098, -3.226367712020874, -4.09393835067749, -3.5135419368743896]"
ori_8d6463f31e2377615f109b2d5e5194ba,ଗାଜାର ସ୍ଥିତିକୁ ଦୃଷ୍ଟିରେ ରଖି ପାଲେଷ୍ଟାଇନ ଜନସଂଖ୍ୟାର ସୁରକ୍ଷା ପାଇଁ ମିଳିତ ଜାତିସଂଘ ସାଧାରଣ ପରିଷଦ ସଂକଳ୍ପ (ଏ/ଆରଇଏସ/ଇଏସ-10/20)କୁ ଆମେ ସମର୍ଥନ କରୁଛୁ ଏବଂ ଏହାର ପୂର୍ଣ୍ଣ କାର୍ଯ୍ୟକାରୀତା ପାଇଁ ଆହ୍ୱାନ କରୁଛୁ ।,0,0,0,0,0,0,ori,[LANG=ori] ଗାଜାର ସ୍ଥିତିକୁ ଦୃଷ୍ଟିରେ ରଖି ପାଲେଷ୍ଟାଇନ ଜନସଂଖ୍ୟାର ସୁରକ୍ଷା ପାଇଁ ମିଳିତ ଜାତିସଂଘ ସାଧାରଣ ପରିଷଦ ସଂକଳ୍ପ (ଏ/ଆରଇଏସ/ଇଏସ-10/20)କୁ ଆମେ ସମର୍ଥନ କରୁଛୁ ଏବଂ ଏହାର ପୂର୍ଣ୍ଣ କାର୍ଯ୍ୟକାରୀତା ପାଇଁ ଆହ୍ୱାନ କରୁଛୁ ।,"[-3.264739751815796, -3.4571592807769775, -3.709507465362549, -4.043595790863037, -3.8966219425201416, -3.7922170162200928]"
ori_4c258bdedc986b64859571bd6522f9fa,ତେଣୁ ଏଥର ଆମୀରଙ୍କ ବିପକ୍ଷରେ ଆକ୍ରମଣାତ୍ମକ ଆଭିମୁଖ୍ୟ ଗ୍ରହଣ କରିବାକୁ ମାଷ୍ଟର ବ୍ଲାଷ୍ଟର ସଚିନ ତେନ୍ଦୁଲକର ଭାରତୀୟ ବ୍ୟାଟ୍ସମ୍ୟାନଙ୍କୁ ପରାମର୍ଶ ଦେଇଛନ୍ତି ।,0,0,0,0,0,0,ori,[LANG=ori] ତେଣୁ ଏଥର ଆମୀରଙ୍କ ବିପକ୍ଷରେ ଆକ୍ରମଣାତ୍ମକ ଆଭିମୁଖ୍ୟ ଗ୍ରହଣ କରିବାକୁ ମାଷ୍ଟର ବ୍ଲାଷ୍ଟର ସଚିନ ତେନ୍ଦୁଲକର ଭାରତୀୟ ବ୍ୟାଟ୍ସମ୍ୟାନଙ୍କୁ ପରାମର୍ଶ ଦେଇଛନ୍ତି ।,"[-3.3376355171203613, -3.4210774898529053, -3.42635178565979, -3.5021674633026123, -3.6267778873443604, -4.09412956237793]"
ori_3b53515c42baa512894dbe470db42b76,@USER ଏବେବି ମାନବିକତା ବଞ୍ଚିଛି ସେମିତି ଭବନ୍ତୁନି ଥରେ କାହା ଉପରେ ଭରଷା କରି ଦେଖନ୍ତୁ ସବୁ କିଛି ଠିକ୍ ହୋଇ ଯିବ।।।।,0,0,0,0,0,0,ori,[LANG=ori] @USER ଏବେବି ମାନବିକତା ବଞ୍ଚିଛି ସେମିତି ଭବନ୍ତୁନି ଥରେ କାହା ଉପରେ ଭରଷା କରି ଦେଖନ୍ତୁ ସବୁ କିଛି ଠିକ୍ ହୋଇ ଯିବ।।।।,"[-3.3771512508392334, -3.812235116958618, -3.9238836765289307, -3.8197836875915527, -3.638841152191162, -3.3122289180755615]"
ori_0b769cd6bb7168a9fdc626b6a4901b6e,@USER ଯାହା ହେଉଛି ଟିଭି ରେ ଦେଖା ଯାଉଛି ତା ମଧ୍ୟରେ ଯୋଉ camera man ଟି ମଝିରେ ମଝିରେ ମହିଳା ମାନଙ୍କୁ ଫୋକସ ରେ ଆଣୁଛି କାହିଁକି ???😂😂😂😂😂,0,1,0,0,0,0,ori,[LANG=ori] @USER ଯାହା ହେଉଛି ଟିଭି ରେ ଦେଖା ଯାଉଛି ତା ମଧ୍ୟରେ ଯୋଉ camera man ଟି ମଝିରେ ମଝିରେ ମହିଳା ମାନଙ୍କୁ ଫୋକସ ରେ ଆଣୁଛି କାହିଁକି ???😂😂😂😂😂,"[-0.3523283004760742, -0.9438667297363281, -3.0749285221099854, -2.781426191329956, -1.895696759223938, -0.7416443824768066]"
ori_f4170963be5929ad1d70ff63970b9c51,ଆମେମାନେ ଏ ଦିଗରେ ଟେକ୍ନିକାଲ ପରାମର୍ଶ ଓ ଆନ୍ତର୍ଜାତିକ ସ୍ତରର ସର୍ବୋତ୍ତମ ପ୍ରାକ୍ଟିସ୍ ଯୋଗାଇବା ଉଦେ୍ଦଶ୍ୟରେ କେନ୍ଦ୍ର ସରକାର ଓ ରାଜ୍ୟ ସରକାରଙ୍କ ସଂସ୍ଥାଙ୍କ ମିଶି କାର୍ଯ୍ୟ କରୁଛୁ ।,0,0,0,0,0,0,ori,[LANG=ori] ଆମେମାନେ ଏ ଦିଗରେ ଟେକ୍ନିକାଲ ପରାମର୍ଶ ଓ ଆନ୍ତର୍ଜାତିକ ସ୍ତରର ସର୍ବୋତ୍ତମ ପ୍ରାକ୍ଟିସ୍ ଯୋଗାଇବା ଉଦେ୍ଦଶ୍ୟରେ କେନ୍ଦ୍ର ସରକାର ଓ ରାଜ୍ୟ ସରକାରଙ୍କ ସଂସ୍ଥାଙ୍କ ମିଶି କାର୍ଯ୍ୟ କରୁଛୁ ।,"[-3.6738767623901367, -3.238293170928955, -3.3688080310821533, -3.7939250469207764, -3.9087893962860107, -3.7444074153900146]"
ori_1de65fff42464e5c6579196834a76319,"ଏଥିରେ ପ୍ରତ୍ୟେକ ଜାତି , ଧର୍ମର ଗରିବଙ୍କୁ ଫାଇଦା ହେବ ।",0,0,0,0,0,0,ori,"[LANG=ori] ଏଥିରେ ପ୍ରତ୍ୟେକ ଜାତି , ଧର୍ମର ଗରିବଙ୍କୁ ଫାଇଦା ହେବ ।","[-3.2964630126953125, -3.838010311126709, -3.2270326614379883, -3.578132152557373, -3.7501049041748047, -3.4384636878967285]"
ori_30f22b3951165ec745bc6876abfd8bd7,"ହାଏ ତୋ ପ୍ରେମର ରଙ୍ଗୋଲି ଓଡ଼ିଆ କଥାଚିତ୍ର ଗୀତ ଇତିହାସରେ ସବୁଠାରୁ ଲୋକପ୍ରିୟ ଗୀତ। ସୁନ୍ଦର ଭାଷା, ସୁନ୍ଦର ଭାବ, ସୁନ୍ଦର ସ୍ବର, ସୁନ୍ଦର ଗାୟନ, ସୁନ୍ଦର ସ୍ଥାନ, ସୁନ୍ଦର ଚିତ୍ରାୟନ, ଓ ସୁନ୍ଦର ନାଚର ସମାରୋହରେ ବୁଣା ଏହି ରଙ୍ଗୋଲିଟି ସବୁ ଓଡ଼ିଆଙ୍କ ପାଇଁ ଗର୍ବ। ସମସ୍ତେ ଶୁଣିଲେ ଦଶ କୋଟି ପୂରା ହୁଅନ୍ତା। youtu.be/bPPYe2vrcXY?...",0,0,0,0,0,0,ori,"[LANG=ori] ହାଏ ତୋ ପ୍ରେମର ରଙ୍ଗୋଲି ଓଡ଼ିଆ କଥାଚିତ୍ର ଗୀତ ଇତିହାସରେ ସବୁଠାରୁ ଲୋକପ୍ରିୟ ଗୀତ। ସୁନ୍ଦର ଭାଷା, ସୁନ୍ଦର ଭାବ, ସୁନ୍ଦର ସ୍ବର, ସୁନ୍ଦର ଗାୟନ, ସୁନ୍ଦର ସ୍ଥାନ, ସୁନ୍ଦର ଚିତ୍ରାୟନ, ଓ ସୁନ୍ଦର ନାଚର ସମାରୋହରେ ବୁଣା ଏହି ରଙ୍ଗୋଲିଟି ସବୁ ଓଡ଼ିଆଙ୍କ ପାଇଁ ଗର୍ବ। ସମସ୍ତେ ଶୁଣିଲେ ଦଶ କୋଟି ପୂରା ହୁଅନ୍ତା। youtu.be/bPPYe2vrcXY?...","[-3.0691521167755127, -3.5630838871002197, -3.985743999481201, -3.6343789100646973, -3.86114239692688, -3.6583237648010254]"
ori_d0b42ddc2fa42bbdd4ba806edf1da9c8,"ଚିନ୍ତା ରେ ପଡ଼ିଲାଣି ତୁର୍କୀ  ତୁର୍କୀର ପାକିସ୍ତାନ ସମର୍ଥନ ବିରୋଧରେ ଭାରତର ଜନଆନ୍ଦୋଳନ: ବ୍ୟବସାୟ ଓ ପର୍ଯ୍ୟଟନ ବୟକଟ କାହିଁକି? ଅପରେଶନ ସିନ୍ଦୂର ସମୟରେ ତୁର୍କୀ ପାକିସ୍ତାନକୁ ଖୋଲାଖୋଲି ସମର୍ଥନ ଜଣାଇବା ପରେ ଭାରତରେ ତୀବ୍ର ପ୍ରତିକ୍ରିୟା ସୃଷ୍ଟି ହୋଇଛି। ଭାରତୀୟ ବ୍ୟବସାୟୀ, ପର୍ଯ୍ୟଟକ, ଏବଂ ସାଧାରଣ ଲୋକେ ତୁର୍କୀର ସାମଗ୍ରୀ ଓ ସେବା ବୟକଟ କରି ଏହାର…",0,0,0,0,0,0,ori,"[LANG=ori] ଚିନ୍ତା ରେ ପଡ଼ିଲାଣି ତୁର୍କୀ  ତୁର୍କୀର ପାକିସ୍ତାନ ସମର୍ଥନ ବିରୋଧରେ ଭାରତର ଜନଆନ୍ଦୋଳନ: ବ୍ୟବସାୟ ଓ ପର୍ଯ୍ୟଟନ ବୟକଟ କାହିଁକି? ଅପରେଶନ ସିନ୍ଦୂର ସମୟରେ ତୁର୍କୀ ପାକିସ୍ତାନକୁ ଖୋଲାଖୋଲି ସମର୍ଥନ ଜଣାଇବା ପରେ ଭାରତରେ ତୀବ୍ର ପ୍ରତିକ୍ରିୟା ସୃଷ୍ଟି ହୋଇଛି। ଭାରତୀୟ ବ୍ୟବସାୟୀ, ପର୍ଯ୍ୟଟକ, ଏବଂ ସାଧାରଣ ଲୋକେ ତୁର୍କୀର ସାମଗ୍ରୀ ଓ ସେବା ବୟକଟ କରି ଏହାର…","[-1.3764208555221558, 0.29934367537498474, -3.9584662914276123, 1.0100500583648682, -1.2575818300247192, -1.3866981267929077]"
ori_535dacc53dcf1f421463cfe6e23ddd50,କିନ୍ତୁ ଅଶ୍ଳୀଳତା ନାମରେ ମାନବିକ ଅଧିକାର କ୍ଷୁର୍ଣ୍ଣ କରି ଏହାକୁ ବିରୋଧ କରିବା ଅତ୍ୟନ୍ତ ଶସ୍ତା ଓ ନିମ୍ନ ମାନର ଚେତନା ଓ ରାଜନୀତି ବୋଲି ମହିଳାମାନେ ଅଭିଯୋଗ କରିଛନ୍ତି ।,0,0,0,1,0,0,ori,[LANG=ori] କିନ୍ତୁ ଅଶ୍ଳୀଳତା ନାମରେ ମାନବିକ ଅଧିକାର କ୍ଷୁର୍ଣ୍ଣ କରି ଏହାକୁ ବିରୋଧ କରିବା ଅତ୍ୟନ୍ତ ଶସ୍ତା ଓ ନିମ୍ନ ମାନର ଚେତନା ଓ ରାଜନୀତି ବୋଲି ମହିଳାମାନେ ଅଭିଯୋଗ କରିଛନ୍ତି ।,"[-0.6212566494941711, -0.3264004588127136, -3.3164994716644287, 1.9109559059143066, -0.7491777539253235, -1.6735830307006836]"
ori_1e112729185eee18975dd901c1a66678,"କେନ୍ଦ୍ର କାର୍ମିକ, ସାଧାରଣ ଅଭିଯୋଗ ଓ ପେନସନ୍‌ ଏବଂ ପ୍ରଧାନମନ୍ତ୍ରୀ କାର୍ଯ୍ୟାଳୟ ରାଷ୍ଟ୍ରମନ୍ତ୍ରୀ ଡକ୍ଟର ଜିତେନ୍ଦ୍ର ସିଂହ ଆଜି ଲୋକସଭାରେ ଏକ ପ୍ରଶ୍ନର ଲିଖିତ ଉତ୍ତର ଦେଇ ଏହି ବିଷୟ ପ୍ରକାଶ କରିଛନ୍ତି ।",0,0,0,0,0,0,ori,"[LANG=ori] କେନ୍ଦ୍ର କାର୍ମିକ, ସାଧାରଣ ଅଭିଯୋଗ ଓ ପେନସନ୍‌ ଏବଂ ପ୍ରଧାନମନ୍ତ୍ରୀ କାର୍ଯ୍ୟାଳୟ ରାଷ୍ଟ୍ରମନ୍ତ୍ରୀ ଡକ୍ଟର ଜିତେନ୍ଦ୍ର ସିଂହ ଆଜି ଲୋକସଭାରେ ଏକ ପ୍ରଶ୍ନର ଲିଖିତ ଉତ୍ତର ଦେଇ ଏହି ବିଷୟ ପ୍ରକାଶ କରିଛନ୍ତି ।","[-3.7997207641601562, -3.4594762325286865, -3.2879223823547363, -3.6403706073760986, -4.068389892578125, -3.7527921199798584]"
ori_9a078d77fc136b509644829a596a0d4f,ଏହାପରେ ହନୁମାନଙ୍କ ଜାତିକୁ ନେଇ ବିଜେପି ନେତାମାନେ ସୃଷ୍ଟି କରୁଥିବା ବିବାଦକୁ ବିରୋଧ କରିବା ସହିତ ବିବାଦୀୟ ମନ୍ତବ୍ୟରୁ ଦୂରେଇ ରହିବା ଲାଗି ସେ ପରାମର୍ଶ ଦେଇଥିଲେ ।,1,1,0,0,0,0,ori,[LANG=ori] ଏହାପରେ ହନୁମାନଙ୍କ ଜାତିକୁ ନେଇ ବିଜେପି ନେତାମାନେ ସୃଷ୍ଟି କରୁଥିବା ବିବାଦକୁ ବିରୋଧ କରିବା ସହିତ ବିବାଦୀୟ ମନ୍ତବ୍ୟରୁ ଦୂରେଇ ରହିବା ଲାଗି ସେ ପରାମର୍ଶ ଦେଇଥିଲେ ।,"[-0.0031663025729358196, -0.46692439913749695, -3.9540212154388428, 0.23006851971149445, -2.3198814392089844, -1.0091817378997803]"
ori_a7c6764759397d2d3d6314118490c4f3,ସେଇ କେଇ ହଜାରକୁ ପୁଞ୍ଜି କରି ଅସତ୍ୟ ଓ ଅଧର୍ମର ଜୟଯାତ୍ରା ମୋତେ କେବେ ବି ଏଠି ଆଣି ପହଞ୍ଚାଇ ପାରି ନ ଥାନ୍ତା ।,0,0,0,0,0,0,ori,[LANG=ori] ସେଇ କେଇ ହଜାରକୁ ପୁଞ୍ଜି କରି ଅସତ୍ୟ ଓ ଅଧର୍ମର ଜୟଯାତ୍ରା ମୋତେ କେବେ ବି ଏଠି ଆଣି ପହଞ୍ଚାଇ ପାରି ନ ଥାନ୍ତା ।,"[-3.1800172328948975, -3.1620826721191406, -4.151295185089111, -3.4387927055358887, -3.3552935123443604, -2.3454158306121826]"
ori_75e5909f11c2cc07a47c0ec3852979ff,ଆମ ସମାଜର ସବୁଠୁ ବଡ଼ ସାମର୍ଥ୍ୟ ହେଉଛି ଆମେ ସବୁବେଳେ ସମୟ ସହିତ ତାଳ ଦେଇ ପରିବର୍ତ୍ତିତ ହୋଇଛୁ ଏବଂ ନୂଆ ଚିନ୍ତାଧାରାକୁ ଭଲ ଭାବେ ଗ୍ରହଣ କରିନେଇଛୁ ।,0,0,0,0,0,0,ori,[LANG=ori] ଆମ ସମାଜର ସବୁଠୁ ବଡ଼ ସାମର୍ଥ୍ୟ ହେଉଛି ଆମେ ସବୁବେଳେ ସମୟ ସହିତ ତାଳ ଦେଇ ପରିବର୍ତ୍ତିତ ହୋଇଛୁ ଏବଂ ନୂଆ ଚିନ୍ତାଧାରାକୁ ଭଲ ଭାବେ ଗ୍ରହଣ କରିନେଇଛୁ ।,"[-3.3178834915161133, -3.5443923473358154, -3.6314857006073, -4.075406074523926, -3.969029426574707, -3.07106876373291]"
ori_c4fd0b63fb18dfffbaf1c371e4909c80,ରାହୁଲ ବ୍ରାହ୍ମଣ ଝିଅକୁ ବାହା ହେଲେ କଂଗ୍ରେସକୁ ବ୍ରାହ୍ମଣ ସମାଜର ସମର୍ଥନ ମିଳିବ ।,1,0,0,0,0,0,ori,[LANG=ori] ରାହୁଲ ବ୍ରାହ୍ମଣ ଝିଅକୁ ବାହା ହେଲେ କଂଗ୍ରେସକୁ ବ୍ରାହ୍ମଣ ସମାଜର ସମର୍ଥନ ମିଳିବ ।,"[2.3230013847351074, -1.79301917552948, -3.773998260498047, -1.4894503355026245, -2.8950998783111572, -1.9436471462249756]"
ori_0db33b9240e3480d1cbe2c31c0277304,@USER ଏ କଣ ନିର୍ବାଚନ।,0,0,0,0,0,0,ori,[LANG=ori] @USER ଏ କଣ ନିର୍ବାଚନ।,"[-3.3661203384399414, -2.7414932250976562, -3.1677186489105225, -3.583071708679199, -3.796221971511841, -1.9350993633270264]"
ori_c825be37851e5a4b219f240dc1d40cd1,ଏହି ଜନଜାତିର ଲୋକଙ୍କ ସଂସ୍କୃତି ଉପରେ ଆଧୁନିକ ସଂସ୍କୃତିର ପ୍ରଭାବ ନପଡୁ ବୋଲି ସରକାର ଚାହୁଛନ୍ତି ।,0,0,0,0,0,0,ori,[LANG=ori] ଏହି ଜନଜାତିର ଲୋକଙ୍କ ସଂସ୍କୃତି ଉପରେ ଆଧୁନିକ ସଂସ୍କୃତିର ପ୍ରଭାବ ନପଡୁ ବୋଲି ସରକାର ଚାହୁଛନ୍ତି ।,"[-1.30953848361969, -3.0270233154296875, -3.666954755783081, -3.097088098526001, -2.4029130935668945, -1.3926278352737427]"
ori_f52c5b5a3ef25d703e51d8206d2813f1,0 ସେୟାର ସିମୁଳିଆ : ବାଲେଶ୍ୱର ଜିଲ୍ଲା ସିମୁଳିଆ ବ୍ଲକ୍ ଅଧୀନ ମଇତାପୁର ପଞ୍ଚାୟତ ସାଇମଇନତାପୁର ଗ୍ରାମରେ ୪ଟି ଆଦିବାସୀ ପରିବାର ସରକାରୀ ଜାଗାରେ ଘର କରି ରହିଆସୁଥିଲେ ।,0,0,0,0,0,0,ori,[LANG=ori] 0 ସେୟାର ସିମୁଳିଆ : ବାଲେଶ୍ୱର ଜିଲ୍ଲା ସିମୁଳିଆ ବ୍ଲକ୍ ଅଧୀନ ମଇତାପୁର ପଞ୍ଚାୟତ ସାଇମଇନତାପୁର ଗ୍ରାମରେ ୪ଟି ଆଦିବାସୀ ପରିବାର ସରକାରୀ ଜାଗାରେ ଘର କରି ରହିଆସୁଥିଲେ ।,"[-3.4762325286865234, -3.7913081645965576, -3.235856771469116, -3.9984679222106934, -3.667062997817993, -3.4210402965545654]"
ori_3669eaf2a2e5035e3ee90fc93025fffd,ସେହିପରି ଏହି ପ୍ରସ୍ତାବିତ ଆଇନ ମୁସଲିମ୍ ମହିଳାଙ୍କ ମର୍ଯ୍ୟାଦା ଓ ଆତ୍ମସମ୍ମାନକୁ ସୁରକ୍ଷିତ କରାଇବ ବୋଲି ଆଇନ ମନ୍ତ୍ରୀ ରବିଶଙ୍କର କହିଛନ୍ତି ।,0,0,0,0,0,0,ori,[LANG=ori] ସେହିପରି ଏହି ପ୍ରସ୍ତାବିତ ଆଇନ ମୁସଲିମ୍ ମହିଳାଙ୍କ ମର୍ଯ୍ୟାଦା ଓ ଆତ୍ମସମ୍ମାନକୁ ସୁରକ୍ଷିତ କରାଇବ ବୋଲି ଆଇନ ମନ୍ତ୍ରୀ ରବିଶଙ୍କର କହିଛନ୍ତି ।,"[-3.6888797283172607, -3.204019069671631, -3.5694830417633057, -2.834805727005005, -3.84256911277771, -3.4542131423950195]"
ori_5f732cc9d3c1c2cecfd8b3276473f16c,ଜଗନ୍ନାଥଙ୍କ ପାଖରେ ଜାତି ଓ ଧର୍ମର କୌଣସି ବାରଣ ନାହିଁ ।,0,0,0,0,0,0,ori,[LANG=ori] ଜଗନ୍ନାଥଙ୍କ ପାଖରେ ଜାତି ଓ ଧର୍ମର କୌଣସି ବାରଣ ନାହିଁ ।,"[-3.4681856632232666, -3.3673741817474365, -3.1244349479675293, -3.3340189456939697, -3.837501049041748, -3.5717742443084717]"
ori_07c7c2d783b35cf1ae5c9c75015fdd7c,@USER କିନ୍ତୁ ସରକାର ଏଠୀ କାରଣ ଖୋଜୁଛନ୍ତି କାହିଁକି ପିଲା ସ୍କୁଲ୍ ଆସୁ ନାହାଁନ୍ତି ଆଉ ପରୀକ୍ଷା ଦେଉ ନାହାଁନ୍ତି ।,0,1,0,0,0,0,ori,[LANG=ori] @USER କିନ୍ତୁ ସରକାର ଏଠୀ କାରଣ ଖୋଜୁଛନ୍ତି କାହିଁକି ପିଲା ସ୍କୁଲ୍ ଆସୁ ନାହାଁନ୍ତି ଆଉ ପରୀକ୍ଷା ଦେଉ ନାହାଁନ୍ତି ।,"[-1.089719295501709, -0.9182866811752319, -2.180656671524048, -3.229811191558838, -1.6468042135238647, -0.6708409786224365]"
ori_51aeb0001c1979098c57236a2f461bd0,"ଜଳବାୟୁ ପରିବର୍ତ୍ତନ ଆମକୁ ନଷ୍ଟ କରିଦେବ କି? ଜାଣନ୍ତୁ ଏହାର ରୋକିବାର ଉପାୟ!  ଜଳବାୟୁ ପରିବର୍ତ୍ତନ ଆଜି ବିଶ୍ୱର ସବୁଠାରୁ ଗୁରୁତ୍ୱପୂର୍ଣ୍ଣ ସମସ୍ୟା ମଧ୍ୟରୁ ଗୋଟିଏ ହୋଇଛି। ଏହା କେବଳ ପରିବେଶ ଉପରେ ପ୍ରଭାବ ପକାଇ ନାହିଁ, ବରଂ ମଣିଷ ଜାତିର ଅସ୍ତିତ୍ୱ ପାଇଁ ମଧ୍ୟ ଏକ ବିପଦ ସୃଷ୍ଟି କରୁଛି। ଏହି ଲେଖାରେ ଆମେ ଜଳବାୟୁ ପରିବର୍ତ୍ତନର ପ୍ରଭାବ, ଏହାର ଭୟାବହତା…",0,0,0,0,0,0,ori,"[LANG=ori] ଜଳବାୟୁ ପରିବର୍ତ୍ତନ ଆମକୁ ନଷ୍ଟ କରିଦେବ କି? ଜାଣନ୍ତୁ ଏହାର ରୋକିବାର ଉପାୟ!  ଜଳବାୟୁ ପରିବର୍ତ୍ତନ ଆଜି ବିଶ୍ୱର ସବୁଠାରୁ ଗୁରୁତ୍ୱପୂର୍ଣ୍ଣ ସମସ୍ୟା ମଧ୍ୟରୁ ଗୋଟିଏ ହୋଇଛି। ଏହା କେବଳ ପରିବେଶ ଉପରେ ପ୍ରଭାବ ପକାଇ ନାହିଁ, ବରଂ ମଣିଷ ଜାତିର ଅସ୍ତିତ୍ୱ ପାଇଁ ମଧ୍ୟ ଏକ ବିପଦ ସୃଷ୍ଟି କରୁଛି। ଏହି ଲେଖାରେ ଆମେ ଜଳବାୟୁ ପରିବର୍ତ୍ତନର ପ୍ରଭାବ, ଏହାର ଭୟାବହତା…","[-4.036266326904297, -3.278643846511841, -3.434623956680298, -2.9158895015716553, -3.9695420265197754, -3.414959192276001]"
ori_ebb6549b6c45b7ad2085fb6e7bb6807c,ମୁଁ ଭାବେ ଯେ ପଚାଶରୁ ସତୁରି ଦଶକ ମଧ୍ୟରେ ମେଲୋଡି ପାଇଁ ଆବଶ୍ୟକ ପ୍ରାୟ ସବୁ ସ୍ବରବିନ୍ଯାସ ବ୍ୟବହାର କରି ନିଆଯାଇଛି। ତେଣୁ ନୂଆ ଗୀତ ସବୁ ପୁରୁଣାର ଅନୁକରଣ ମାତ୍ର। ଏହା ସତ କି? ସଙ୍ଗୀତ ସମୁଦ୍ର ହୋଇପାରେ କିନ୍ତୁ ମେଲୋଡି ତ ସୀମିତ। ଯେମିତି ରାଗଗୁଡିକ ସୀମିତ। ତେଣୁ ନୂଆ ଆସିବ କୋଉଠୁ?,0,0,0,0,0,0,ori,[LANG=ori] ମୁଁ ଭାବେ ଯେ ପଚାଶରୁ ସତୁରି ଦଶକ ମଧ୍ୟରେ ମେଲୋଡି ପାଇଁ ଆବଶ୍ୟକ ପ୍ରାୟ ସବୁ ସ୍ବରବିନ୍ଯାସ ବ୍ୟବହାର କରି ନିଆଯାଇଛି। ତେଣୁ ନୂଆ ଗୀତ ସବୁ ପୁରୁଣାର ଅନୁକରଣ ମାତ୍ର। ଏହା ସତ କି? ସଙ୍ଗୀତ ସମୁଦ୍ର ହୋଇପାରେ କିନ୍ତୁ ମେଲୋଡି ତ ସୀମିତ। ଯେମିତି ରାଗଗୁଡିକ ସୀମିତ। ତେଣୁ ନୂଆ ଆସିବ କୋଉଠୁ?,"[-2.786587953567505, -3.3514668941497803, -4.300405979156494, -2.658402681350708, -3.3772196769714355, -1.9660053253173828]"
ori_0796b90ae843810ee854a04f19565590,ସେହିପରି ଶେଷ ପର୍ଯାୟ ନିର୍ବାଚନ ହେବାକୁ ଥିବା ଲୋକସଭା କ୍ଷେତ୍ରରେ ବିଜେପିର ସମର୍ଥମମାନଙ୍କୁ ବାଛି ବାଛି ଆକ୍ରମଣ କରାଯାଉଛି ।,0,0,0,0,0,0,ori,[LANG=ori] ସେହିପରି ଶେଷ ପର୍ଯାୟ ନିର୍ବାଚନ ହେବାକୁ ଥିବା ଲୋକସଭା କ୍ଷେତ୍ରରେ ବିଜେପିର ସମର୍ଥମମାନଙ୍କୁ ବାଛି ବାଛି ଆକ୍ରମଣ କରାଯାଉଛି ।,"[-3.400958776473999, -0.4779212176799774, -2.119044542312622, -0.7124135494232178, -2.6172170639038086, -4.204952239990234]"
ori_818cb448fcb8119e78aad8d2932eebce,ଗତବର୍ଷ ଜୁଲାଇରେ ଗୁଜରାଟର ଉନ୍ନାରେ ୪ଜଣ ଦଳିତ ସମ୍ପ୍ରଦାୟର ଲୋକ ନିଜର କୌଳିକ ବୃତ୍ତି ଗାଈଚମଡ଼ା ଛଡ଼ାଇବା ବେଳେ ତାଙ୍କୁ ମରଣାନ୍ତକ ଆକ୍ରମଣ ହୋଇଛି ।,0,0,0,0,0,0,ori,[LANG=ori] ଗତବର୍ଷ ଜୁଲାଇରେ ଗୁଜରାଟର ଉନ୍ନାରେ ୪ଜଣ ଦଳିତ ସମ୍ପ୍ରଦାୟର ଲୋକ ନିଜର କୌଳିକ ବୃତ୍ତି ଗାଈଚମଡ଼ା ଛଡ଼ାଇବା ବେଳେ ତାଙ୍କୁ ମରଣାନ୍ତକ ଆକ୍ରମଣ ହୋଇଛି ।,"[-0.6013258695602417, -1.615931510925293, -3.071693181991577, -1.2992864847183228, -2.4213638305664062, -2.53151535987854]"
ori_d1a74583978e66030b4713fb009a99e3,ଗତ କିଛି ଦିନ ତଳେ କଂଗ୍ରେସର ପରାମର୍ଶଦାତା ସାମ୍ ପିଟ୍ରୋଡା ଫୁଲୱାମାରେ ଆତଙ୍କବାଦୀଙ୍କ ଆକ୍ରମଣ ପରେ ବାଲାକୋଟରେ ଯେଉଁ ଏୟାର ଷ୍ଟ୍ରାଇକ୍ ହୋଇଥିଲା ଏହାକୁ ନିନ୍ଦା କରିଥିଲେ ।,0,0,0,0,0,0,ori,[LANG=ori] ଗତ କିଛି ଦିନ ତଳେ କଂଗ୍ରେସର ପରାମର୍ଶଦାତା ସାମ୍ ପିଟ୍ରୋଡା ଫୁଲୱାମାରେ ଆତଙ୍କବାଦୀଙ୍କ ଆକ୍ରମଣ ପରେ ବାଲାକୋଟରେ ଯେଉଁ ଏୟାର ଷ୍ଟ୍ରାଇକ୍ ହୋଇଥିଲା ଏହାକୁ ନିନ୍ଦା କରିଥିଲେ ।,"[-4.114339351654053, -2.9528982639312744, -3.1175546646118164, -2.5683300495147705, -4.058315753936768, -4.06632661819458]"
ori_c30132b3c35a392ab9e01377c2c07452,ଯୁବନେତାଙ୍କ ମାଧ୍ୟମରେ ଜନସାଧାରଣଙ୍କ ମ୍ମରେ ସ୍ୱଚ୍ଛତାର ସଂସ୍କୃତି ନିର୍ମାଣ ଉପରେ ସଚେତନତା ସୃଷ୍ଟି କରିବା ସ୍ୱଚ୍ଛାଗ୍ରହର ମୁଖ୍ୟ ଉଦ୍ଦେଶ୍ୟ ।,0,0,0,0,0,0,ori,[LANG=ori] ଯୁବନେତାଙ୍କ ମାଧ୍ୟମରେ ଜନସାଧାରଣଙ୍କ ମ୍ମରେ ସ୍ୱଚ୍ଛତାର ସଂସ୍କୃତି ନିର୍ମାଣ ଉପରେ ସଚେତନତା ସୃଷ୍ଟି କରିବା ସ୍ୱଚ୍ଛାଗ୍ରହର ମୁଖ୍ୟ ଉଦ୍ଦେଶ୍ୟ ।,"[-3.53717303276062, -3.183323621749878, -3.391549825668335, -3.6412112712860107, -3.944824457168579, -3.8633103370666504]"
ori_3a1ea947f242f9bca426ff071ccc88c6,କିନ୍ତୁ କାର୍ଯ୍ୟରତ ଅବସ୍ଥାରେ ପ୍ରାଣବଳି ଦେଇଥିବାରୁ ଦୂରଦର୍ଶନ କ୍ୟାମେରାମ୍ୟାନ୍ ଅଚ୍ୟୁତାନନ୍ଦ ସାହୁଙ୍କୁ ସହିଦର ମର୍ଯ୍ୟାଦା ଦେବାକୁ ଭୁଲି ନଥିଲେ ଛତିଶଗଡ଼ ସରକାର ।,0,0,0,0,0,0,ori,[LANG=ori] କିନ୍ତୁ କାର୍ଯ୍ୟରତ ଅବସ୍ଥାରେ ପ୍ରାଣବଳି ଦେଇଥିବାରୁ ଦୂରଦର୍ଶନ କ୍ୟାମେରାମ୍ୟାନ୍ ଅଚ୍ୟୁତାନନ୍ଦ ସାହୁଙ୍କୁ ସହିଦର ମର୍ଯ୍ୟାଦା ଦେବାକୁ ଭୁଲି ନଥିଲେ ଛତିଶଗଡ଼ ସରକାର ।,"[-2.5636069774627686, -2.7613930702209473, -3.650808334350586, -3.320594310760498, -2.944540023803711, -2.8451285362243652]"
ori_e0e7acf9177ce91ca0d7a67c7c817a61,ଭାରତ ସରକାର ଏହାକୁ କଠୋର ଭଷାରେ ନିନ୍ଦା କରିଥିବାବେଳେ ଜାତିସଂଘର ଜଣେ ବରିଷ୍ଠ ଅଧିକାରୀ ମଧ୍ୟ ଏହା ସତ୍ୟ ନୁହେଁ ବୋଲି କହିଛନ୍ତି ।,0,0,0,0,0,1,ori,[LANG=ori] ଭାରତ ସରକାର ଏହାକୁ କଠୋର ଭଷାରେ ନିନ୍ଦା କରିଥିବାବେଳେ ଜାତିସଂଘର ଜଣେ ବରିଷ୍ଠ ଅଧିକାରୀ ମଧ୍ୟ ଏହା ସତ୍ୟ ନୁହେଁ ବୋଲି କହିଛନ୍ତି ।,"[-3.8327178955078125, -2.9233462810516357, -3.136427879333496, -3.131028175354004, -4.3134613037109375, -3.001492500305176]"
ori_74a3458ef6d88271113599d13563e423,@USER @USER @USER ଭାଇ ଆମ feture କଥା ଚିନ୍ତା କରନି ଆମେ online exam ସବୁ ତମେ ତମ feture ପାଣି offline exam ଦିଅ,0,0,0,0,0,0,ori,[LANG=ori] @USER @USER @USER ଭାଇ ଆମ feture କଥା ଚିନ୍ତା କରନି ଆମେ online exam ସବୁ ତମେ ତମ feture ପାଣି offline exam ଦିଅ,"[-2.2391111850738525, -1.5537662506103516, -4.370518207550049, -1.9131001234054565, -2.5289318561553955, -0.4169951379299164]"
ori_44b5f3397adf858d71f8b4a7cc22a712,ରାଜ୍ୟ ସରକାରଙ୍କର ଏଭଳି ନିଷ୍ପତ୍ତିକୁ ସମଗ୍ର ଛାତ୍ର ଓ ଯୁବ ସମାଜ ନିନ୍ଦା କରିବା ସହ ଦୃଢ ବିରୋଧ କରୁଛି ।,0,0,0,1,0,0,ori,[LANG=ori] ରାଜ୍ୟ ସରକାରଙ୍କର ଏଭଳି ନିଷ୍ପତ୍ତିକୁ ସମଗ୍ର ଛାତ୍ର ଓ ଯୁବ ସମାଜ ନିନ୍ଦା କରିବା ସହ ଦୃଢ ବିରୋଧ କରୁଛି ।,"[-2.513019323348999, 0.578535795211792, -3.453437089920044, 2.2095835208892822, -2.6555721759796143, -1.8353204727172852]"
